-0.02286902287
-0.0395010395
-0.02702702703
-0.0395010395
-0.02286902287
-0.04781704782
-0.05613305613
-0.04781704782
-0.03534303534
-0.03118503119
-0.03534303534
-0.0395010395
-0.01455301455
-0.08523908524
-0.1143451143
-0.130977131
-0.1268191268
-0.08523908524
-0.08108108108
-0.1018711019
-0.106029106
-0.1600831601
-0.1476091476
-0.1392931393
-0.09771309771
-0.09355509356
-0.07692307692
-0.09355509356
-0.1101871102
-0.1143451143
-0.1268191268
-0.1143451143
-0.106029106
-0.09355509356
-0.04365904366
-0.03534303534
-0.02702702703
-0.07276507277
-0.1018711019
-0.1101871102
-0.09771309771
-0.07276507277
-0.03534303534
-0.03534303534
-0.04781704782
-0.06029106029
-0.03118503119
-0.03534303534
-0.01871101871
-0.01455301455
-0.0103950104
-0.01455301455
-0.01455301455
-0.0103950104
-0.04365904366
-0.0395010395
-0.04781704782
-0.02702702703
-0.002079002079
-0.006237006237
-0.02702702703
-0.03118503119
-0.0395010395
-0.03534303534
-0.03534303534
-0.03118503119
-0.01871101871
-0.0103950104
-0.006237006237
0.002079002079
-0.002079002079
0.002079002079
-0.006237006237
0.0103950104
0.0103950104
0.01455301455
0.02286902287
-0.002079002079
-0.01871101871
-0.04365904366
-0.08108108108
-0.0893970894
-0.06444906445
-0.05197505198
-0.06029106029
-0.0395010395
-0.03118503119
-0.01455301455
-0.02286902287
-0.002079002079
0.01455301455
0.002079002079
0.002079002079
0.03534303534
0.07276507277
0.1476091476
0.1642411642
0.1559251559
0.1392931393
0.1101871102
0.1476091476
0.20997921
0.2432432432
0.2266112266
0.1767151767
0.1642411642
0.1517671518
0.1476091476
0.1725571726
0.1891891892
0.1642411642
0.1434511435
0.09355509356
0.08523908524
0.08523908524
0.106029106
0.1517671518
0.1642411642
0.1476091476
0.1143451143
0.09771309771
0.08108108108
0.05197505198
-0.0103950104
-0.06444906445
-0.07692307692
-0.08523908524
-0.08108108108
-0.07692307692
-0.1018711019
-0.2016632017
-0.2806652807
-0.2598752599
-0.2307692308
-0.1891891892
-0.1517671518
-0.1559251559
-0.1559251559
-0.1808731809
-0.3264033264
-0.3804573805
-0.343035343
-0.2723492723
-0.2016632017
-0.1891891892
-0.1268191268
-0.09355509356
-0.08108108108
-0.07276507277
-0.1600831601
-0.264033264
-0.2349272349
-0.1933471933
-0.1683991684
-0.1600831601
-0.2349272349
-0.2806652807
-0.2349272349
-0.185031185
-0.1683991684
-0.1808731809
-0.1725571726
-0.1767151767
-0.1434511435
-0.1101871102
-0.1018711019
-0.07276507277
-0.08108108108
-0.106029106
-0.08523908524
-0.07692307692
-0.04781704782
-0.03534303534
-0.03534303534
-0.02286902287
-0.05197505198
-0.03534303534
-0.03118503119
-0.02286902287
-0.01455301455
-0.006237006237
-0.006237006237
0.002079002079
0.002079002079
0.006237006237
-0.002079002079
0.002079002079
-0.0103950104
-0.006237006237
-0.02702702703
-0.03534303534
-0.02702702703
-0.02286902287
-0.02286902287
-0.006237006237
-0.01871101871
-0.02702702703
-0.02702702703
-0.04365904366
-0.01871101871
-0.02702702703
0.002079002079
0.002079002079
-0.0103950104
-0.01871101871
-0.01871101871
-0.02702702703
-0.02286902287
-0.01455301455
-0.006237006237
-0.0103950104
-0.01455301455
-0.04365904366
-0.05613305613
-0.07692307692
-0.05613305613
-0.05197505198
-0.04365904366
-0.06029106029
-0.06444906445
-0.1018711019
-0.1101871102
-0.1101871102
-0.08108108108
-0.08523908524
-0.07276507277
-0.1018711019
-0.1767151767
-0.2307692308
-0.2182952183
-0.185031185
-0.1476091476
-0.1351351351
-0.130977131
-0.2016632017
-0.2765072765
-0.2515592516
-0.2182952183
-0.185031185
-0.1600831601
-0.185031185
-0.2557172557
-0.2806652807
-0.2390852391
-0.2141372141
-0.1642411642
-0.1476091476
-0.1559251559
-0.1725571726
-0.1808731809
-0.1559251559
-0.1143451143
-0.09771309771
-0.09355509356
-0.130977131
-0.185031185
-0.1642411642
-0.1268191268
-0.106029106
-0.07692307692
-0.07276507277
-0.05197505198
-0.07276507277
-0.09355509356
-0.08108108108
-0.06444906445
-0.05197505198
-0.03118503119
-0.02702702703
-0.02286902287
-0.03534303534
-0.05197505198
-0.03534303534
-0.03534303534
-0.03534303534
-0.02702702703
-0.03118503119
-0.05197505198
-0.0893970894
-0.0893970894
-0.05613305613
-0.06029106029
-0.03118503119
-0.02286902287
-0.02702702703
-0.07692307692
-0.08108108108
-0.106029106
-0.09355509356
-0.08108108108
-0.06444906445
-0.04365904366
-0.05613305613
-0.05197505198
-0.02702702703
-0.04781704782
-0.04781704782
-0.03534303534
-0.02702702703
-0.0395010395
-0.01871101871
-0.02286902287
0.02286902287
0.05613305613
0.05613305613
0.04781704782
0.05197505198
0.0395010395
0.0395010395
0.0103950104
0.01871101871
0.02286902287
0.01455301455
0.01455301455
0.006237006237
0.006237006237
0.006237006237
0.03118503119
0.03118503119
0.02702702703
0.02286902287
0.02286902287
0.02286902287
0.006237006237
-0.01455301455
-0.002079002079
0.01455301455
0.006237006237
0.002079002079
0.01871101871
0.006237006237
0.002079002079
-0.002079002079
-0.002079002079
-0.006237006237
0.006237006237
-0.002079002079
-0.0103950104
-0.0103950104
-0.002079002079
-0.02702702703
-0.02286902287
-0.04365904366
-0.02702702703
-0.02286902287
-0.03118503119
-0.02702702703
-0.04365904366
-0.01871101871
-0.03118503119
-0.02286902287
-0.006237006237
0.002079002079
0.0103950104
0.006237006237
-0.002079002079
-0.002079002079
-0.04365904366
-0.0395010395
-0.03534303534
-0.0395010395
-0.02702702703
-0.02286902287
-0.02286902287
-0.03118503119
-0.06444906445
-0.04365904366
-0.0395010395
-0.02286902287
-0.03118503119
-0.03118503119
-0.0395010395
-0.0395010395
-0.08108108108
-0.106029106
-0.09771309771
-0.08108108108
-0.06860706861
-0.06029106029
-0.05613305613
-0.1018711019
-0.1517671518
-0.1642411642
-0.1559251559
-0.1143451143
-0.1101871102
-0.08523908524
-0.07692307692
-0.1101871102
-0.1600831601
-0.1559251559
-0.1268191268
-0.106029106
-0.09355509356
-0.1018711019
-0.1725571726
-0.2224532225
-0.185031185
-0.1517671518
-0.1434511435
-0.1143451143
-0.09355509356
-0.106029106
-0.1143451143
-0.09771309771
-0.09355509356
-0.06444906445
-0.04781704782
-0.03118503119
-0.04365904366
-0.03534303534
-0.03118503119
-0.02702702703
-0.002079002079
-0.002079002079
0.006237006237
-0.01455301455
-0.02286902287
-0.05197505198
-0.04365904366
-0.02286902287
-0.03118503119
-0.0395010395
-0.04781704782
-0.06444906445
-0.1226611227
-0.1600831601
-0.1600831601
-0.1434511435
-0.1185031185
-0.106029106
-0.1143451143
-0.1808731809
-0.2224532225
-0.1933471933
-0.1600831601
-0.130977131
-0.1143451143
-0.09355509356
-0.09355509356
-0.1226611227
-0.1891891892
-0.2182952183
-0.1767151767
-0.1642411642
-0.130977131
-0.1392931393
-0.1891891892
-0.2474012474
-0.2266112266
-0.1933471933
-0.1642411642
-0.1351351351
-0.1434511435
-0.1642411642
-0.1600831601
-0.1268191268
-0.1101871102
-0.07692307692
-0.05197505198
-0.03534303534
-0.03118503119
-0.03118503119
-0.04365904366
-0.03534303534
-0.02702702703
-0.02702702703
-0.006237006237
-0.01871101871
-0.05197505198
-0.1185031185
-0.1600831601
-0.1434511435
-0.1143451143
-0.1143451143
-0.09771309771
-0.08523908524
-0.1351351351
-0.1933471933
-0.2058212058
-0.1891891892
-0.1642411642
-0.1434511435
-0.1185031185
-0.1143451143
-0.1434511435
-0.1226611227
-0.1018711019
-0.06860706861
-0.05197505198
-0.04781704782
-0.04781704782
-0.05613305613
-0.0893970894
-0.106029106
-0.1018711019
-0.09771309771
-0.07692307692
-0.07692307692
-0.07692307692
-0.08108108108
-0.1101871102
-0.09771309771
-0.08108108108
-0.06444906445
-0.05613305613
-0.03534303534
-0.03534303534
-0.05197505198
-0.05613305613
-0.0395010395
-0.03534303534
-0.01455301455
-0.01871101871
-0.0103950104
-0.01871101871
-0.0103950104
-0.02286902287
-0.02286902287
-0.02702702703
-0.02286902287
-0.01455301455
-0.006237006237
-0.0103950104
-0.01455301455
-0.0103950104
-0.0103950104
0.002079002079
-0.006237006237
-0.006237006237
0.002079002079
-0.006237006237
-0.002079002079
-0.006237006237
-0.01455301455
-0.01455301455
-0.01455301455
-0.002079002079
-0.006237006237
-0.01871101871
-0.02286902287
-0.05197505198
-0.0893970894
-0.08523908524
-0.06029106029
-0.04365904366
-0.0395010395
-0.04781704782
-0.05613305613
-0.08108108108
-0.1101871102
-0.1226611227
-0.106029106
-0.1018711019
-0.08523908524
-0.08108108108
-0.0893970894
-0.1143451143
-0.1600831601
-0.1351351351
-0.1226611227
-0.09355509356
-0.07276507277
-0.07692307692
-0.06444906445
-0.05613305613
-0.06860706861
-0.05197505198
-0.0395010395
-0.03534303534
-0.02286902287
-0.01871101871
-0.01871101871
-0.03118503119
-0.03118503119
-0.03534303534
-0.02702702703
-0.01871101871
-0.0103950104
-0.006237006237
-0.01871101871
-0.03118503119
-0.05613305613
-0.07692307692
-0.06444906445
-0.04365904366
-0.03534303534
-0.03534303534
-0.02702702703
-0.01455301455
-0.04365904366
-0.07276507277
-0.08108108108
-0.06860706861
-0.0395010395
-0.0395010395
-0.02286902287
-0.04365904366
-0.04365904366
-0.07692307692
-0.1392931393
-0.1268191268
-0.106029106
-0.106029106
-0.106029106
-0.106029106
-0.2182952183
-0.3347193347
-0.3555093555
-0.2972972973
-0.2681912682
-0.2266112266
-0.2016632017
-0.1808731809
-0.2224532225
-0.2598752599
-0.2141372141
-0.1891891892
-0.1517671518
-0.1517671518
-0.1808731809
-0.2141372141
-0.1725571726
-0.1392931393
-0.1268191268
-0.09771309771
-0.0893970894
-0.1351351351
-0.1891891892
-0.2058212058
-0.1683991684
-0.1392931393
-0.1185031185
-0.1226611227
-0.1642411642
-0.2224532225
-0.2474012474
-0.1891891892
-0.1642411642
-0.130977131
-0.1392931393
-0.1517671518
-0.1559251559
-0.130977131
-0.1018711019
-0.07276507277
-0.06860706861
-0.07276507277
-0.1018711019
-0.1891891892
-0.1933471933
-0.1725571726
-0.1476091476
-0.1268191268
-0.130977131
-0.2058212058
-0.2390852391
-0.20997921
-0.1559251559
-0.1392931393
-0.106029106
-0.09355509356
-0.09771309771
-0.1018711019
-0.09355509356
-0.07692307692
-0.05613305613
-0.04781704782
-0.04781704782
-0.04781704782
-0.07692307692
-0.1268191268
-0.09771309771
-0.09355509356
-0.07692307692
-0.06860706861
-0.09771309771
-0.1725571726
-0.20997921
-0.20997921
-0.1683991684
-0.1434511435
-0.1143451143
-0.106029106
-0.106029106
-0.1351351351
-0.1642411642
-0.1642411642
-0.1476091476
-0.1226611227
-0.1101871102
-0.09355509356
-0.106029106
-0.1434511435
-0.1392931393
-0.1226611227
-0.09771309771
-0.08523908524
-0.06860706861
-0.0395010395
-0.05197505198
-0.05197505198
-0.01455301455
0.002079002079
0.02702702703
0.02702702703
0.05197505198
0.1392931393
0.2182952183
0.3014553015
0.288981289
0.264033264
0.2182952183
0.2182952183
0.3097713098
0.3596673597
0.3222453222
0.2598752599
0.2307692308
0.1933471933
0.2307692308
0.2972972973
0.2972972973
0.2806652807
0.2390852391
0.2058212058
0.1683991684
0.1642411642
0.2432432432
0.3139293139
0.3180873181
0.2931392931
0.2349272349
0.20997921
0.2016632017
0.2765072765
0.3347193347
0.3180873181
0.2931392931
0.2266112266
0.185031185
0.1683991684
0.1683991684
0.2390852391
0.2765072765
0.2432432432
0.2224532225
0.1642411642
0.1476091476
0.1434511435
0.1975051975
0.2224532225
0.20997921
0.1767151767
0.1351351351
0.1018711019
0.07692307692
0.1185031185
0.1767151767
0.1933471933
0.1891891892
0.1559251559
0.1185031185
0.1018711019
0.1143451143
0.185031185
0.1975051975
0.1808731809
0.1476091476
0.1226611227
0.09771309771
0.07692307692
0.1018711019
0.0893970894
0.08523908524
0.05613305613
0.03534303534
0.02286902287
0.03118503119
0.06860706861
0.1018711019
0.1101871102
0.09355509356
0.08108108108
0.06444906445
0.06029106029
0.06444906445
0.06444906445
0.05613305613
0.06029106029
0.04781704782
0.05613305613
0.0395010395
0.04365904366
0.05197505198
0.07276507277
0.08108108108
0.06860706861
0.07276507277
0.05197505198
0.04365904366
0.03118503119
0.05613305613
0.08523908524
0.1143451143
0.1101871102
0.1101871102
0.09771309771
0.08523908524
0.0893970894
0.20997921
0.2972972973
0.3014553015
0.2723492723
0.2349272349
0.2016632017
0.1683991684
0.1517671518
0.2266112266
0.3222453222
0.3264033264
0.3097713098
0.2723492723
0.2141372141
0.1725571726
0.1683991684
0.2182952183
0.2557172557
0.2557172557
0.2307692308
0.1933471933
0.1559251559
0.1185031185
0.0893970894
0.130977131
0.1559251559
0.1434511435
0.1351351351
0.1185031185
0.07692307692
0.06860706861
0.06444906445
0.1351351351
0.1517671518
0.1476091476
0.130977131
0.106029106
0.0893970894
0.08108108108
0.08523908524
0.1143451143
0.1143451143
0.106029106
0.07692307692
0.05613305613
0.04781704782
0.03118503119
0.04365904366
0.07276507277
0.06029106029
0.05613305613
0.04365904366
0.03118503119
0.02286902287
0.0395010395
0.05613305613
0.04365904366
0.04365904366
0.04365904366
0.04365904366
0.04365904366
0.03118503119
0.03118503119
0.02702702703
0.03534303534
0.03534303534
0.04365904366
0.03118503119
0.01871101871
0.02286902287
0.04781704782
0.06444906445
0.05613305613
0.05197505198
0.03534303534
0.03534303534
0.02286902287
0.04781704782
0.06444906445
0.05613305613
0.06029106029
0.04365904366
0.0395010395
0.02702702703
0.05613305613
0.07276507277
0.06444906445
0.06860706861
0.06029106029
0.05613305613
0.05197505198
0.03534303534
0.08108108108
0.1185031185
0.130977131
0.1268191268
0.1101871102
0.09355509356
0.07692307692
0.06444906445
0.09355509356
0.1559251559
0.185031185
0.1808731809
0.1642411642
0.1476091476
0.1226611227
0.1185031185
0.1600831601
0.2307692308
0.2515592516
0.2266112266
0.2058212058
0.1683991684
0.1517671518
0.1351351351
0.1683991684
0.2432432432
0.2972972973
0.2806652807
0.2432432432
0.2182952183
0.1767151767
0.1185031185
0.1268191268
0.1268191268
0.1268191268
0.1226611227
0.09355509356
0.08108108108
0.06444906445
0.03118503119
0.03534303534
0.03534303534
0.07692307692
0.1101871102
0.1018711019
0.08523908524
0.06860706861
0.06029106029
0.06029106029
0.04365904366
0.08108108108
0.1101871102
0.09355509356
0.09355509356
0.0893970894
0.06860706861
0.06029106029
0.04365904366
0.05613305613
0.0893970894
0.08523908524
0.06860706861
0.07692307692
0.06029106029
0.0395010395
0.01871101871
0.04781704782
0.07692307692
0.06029106029
0.06029106029
0.07276507277
0.04781704782
0.04781704782
0.03118503119
0.002079002079
-0.002079002079
-0.01871101871
-0.0103950104
0.006237006237
0.006237006237
-0.006237006237
0.0103950104
-0.0103950104
-0.01455301455
-0.006237006237
0.0103950104
0.002079002079
0.006237006237
-0.006237006237
-0.0103950104
-0.03118503119
-0.02702702703
-0.01455301455
-0.01455301455
0.002079002079
0.006237006237
0.002079002079
0.01455301455
0.01455301455
0.0103950104
0.04365904366
0.05197505198
0.05197505198
0.05197505198
0.05613305613
0.04365904366
0.03118503119
0.01871101871
0.01871101871
-0.002079002079
0.006237006237
-0.002079002079
-0.0103950104
-0.03118503119
-0.03118503119
-0.0395010395
-0.04781704782
-0.02286902287
-0.02286902287
-0.01871101871
-0.01871101871
-0.0103950104
-0.01871101871
-0.01455301455
0.006237006237
0.006237006237
0.01455301455
0.02702702703
0.02702702703
0.02286902287
0.02702702703
0.01455301455
0.02286902287
0.0103950104
0.0103950104
0.006237006237
-0.002079002079
-0.006237006237
-0.02702702703
-0.01871101871
-0.01455301455
-0.01455301455
-0.01455301455
-0.0103950104
0.006237006237
0.01455301455
0.01871101871
0.0103950104
0.006237006237
0.0395010395
0.06029106029
0.06860706861
0.06860706861
0.04365904366
0.06029106029
0.04365904366
0.03118503119
0.006237006237
0.02286902287
-0.006237006237
-0.006237006237
-0.01455301455
-0.006237006237
-0.0103950104
-0.0103950104
-0.002079002079
0.02286902287
0.02702702703
0.02702702703
0.03118503119
0.04365904366
0.03118503119
0.05197505198
0.1226611227
0.185031185
0.1933471933
0.1767151767
0.1559251559
0.1476091476
0.1351351351
0.1268191268
0.185031185
0.2931392931
0.3555093555
0.3347193347
0.288981289
0.2598752599
0.2058212058
0.1683991684
0.1392931393
0.1268191268
0.1933471933
0.2058212058
0.1683991684
0.1559251559
0.1226611227
0.07692307692
0.06860706861
0.04781704782
0.04365904366
0.03534303534
0.04365904366
0.02286902287
0.0103950104
-0.002079002079
-0.01455301455
0.01871101871
0.01871101871
0.02702702703
0.0395010395
0.03118503119
0.02702702703
0.006237006237
0.02702702703
0.09355509356
0.1683991684
0.2058212058
0.1975051975
0.1767151767
0.1642411642
0.1559251559
0.1476091476
0.1975051975
0.3388773389
0.3596673597
0.3222453222
0.288981289
0.2474012474
0.2016632017
0.1891891892
0.2806652807
0.3471933472
0.3555093555
0.3056133056
0.2765072765
0.2224532225
0.1975051975
0.2016632017
0.2598752599
0.2765072765
0.2557172557
0.2058212058
0.1891891892
0.1434511435
0.1101871102
0.1018711019
0.1434511435
0.1767151767
0.1725571726
0.1476091476
0.1392931393
0.1143451143
0.09355509356
0.106029106
0.1642411642
0.2141372141
0.1891891892
0.1808731809
0.1476091476
0.1143451143
0.09355509356
0.07692307692
0.0893970894
0.106029106
0.130977131
0.1476091476
0.1476091476
0.1392931393
0.106029106
0.09771309771
0.1268191268
0.2349272349
0.2806652807
0.2474012474
0.2182952183
0.185031185
0.1517671518
0.1226611227
0.106029106
0.1143451143
0.1101871102
0.08523908524
0.06029106029
0.04365904366
0.03118503119
0.03534303534
0.05613305613
0.1101871102
0.1226611227
0.130977131
0.1018711019
0.1018711019
0.09355509356
0.08523908524
0.1143451143
0.1891891892
0.2224532225
0.1933471933
0.1725571726
0.1517671518
0.1143451143
0.1143451143
0.1725571726
0.1975051975
0.1808731809
0.1559251559
0.130977131
0.1018711019
0.07692307692
0.08108108108
0.08108108108
0.1185031185
0.09771309771
0.08523908524
0.09355509356
0.07692307692
0.04781704782
0.0395010395
0.05613305613
0.03534303534
0.03118503119
0.02702702703
0.02702702703
0.01871101871
-0.002079002079
-0.006237006237
-0.006237006237
-0.0103950104
-0.006237006237
0.002079002079
0.0103950104
0.0103950104
0.006237006237
-0.006237006237
-0.006237006237
-0.01455301455
-0.01455301455
-0.01871101871
-0.0103950104
0.0103950104
0.01455301455
0.0103950104
-0.002079002079
-0.006237006237
-0.0103950104
-0.01455301455
-0.01871101871
-0.002079002079
-0.002079002079
-0.006237006237
-0.006237006237
-0.03118503119
-0.01455301455
-0.03118503119
-0.01871101871
-0.006237006237
-0.0103950104
-0.0103950104
-0.006237006237
-0.03118503119
-0.07692307692
-0.06029106029
-0.06444906445
-0.04781704782
-0.03118503119
-0.03118503119
-0.03534303534
-0.05197505198
-0.09771309771
-0.1226611227
-0.1185031185
-0.0893970894
-0.08523908524
-0.08523908524
-0.08108108108
-0.130977131
-0.2349272349
-0.2557172557
-0.2349272349
-0.2016632017
-0.1517671518
-0.130977131
-0.1517671518
-0.2307692308
-0.3097713098
-0.2681912682
-0.2307692308
-0.2016632017
-0.1683991684
-0.1434511435
-0.1975051975
-0.2141372141
-0.1767151767
-0.1600831601
-0.1434511435
-0.1143451143
-0.1351351351
-0.2058212058
-0.2515592516
-0.20997921
-0.1891891892
-0.1642411642
-0.1434511435
-0.1767151767
-0.2141372141
-0.2016632017
-0.1767151767
-0.1434511435
-0.1226611227
-0.1143451143
-0.1351351351
-0.1808731809
-0.1767151767
-0.1392931393
-0.1185031185
-0.1018711019
-0.09771309771
-0.130977131
-0.1683991684
-0.1642411642
-0.130977131
-0.1185031185
-0.106029106
-0.08523908524
-0.07276507277
-0.1143451143
-0.1767151767
-0.1683991684
-0.1434511435
-0.106029106
-0.106029106
-0.08108108108
-0.1101871102
-0.1226611227
-0.1226611227
-0.106029106
-0.0893970894
-0.07692307692
-0.07692307692
-0.06860706861
-0.09355509356
-0.1642411642
-0.2182952183
-0.2058212058
-0.1642411642
-0.1392931393
-0.1226611227
-0.1143451143
-0.1559251559
-0.2058212058
-0.2307692308
-0.1975051975
-0.1725571726
-0.1392931393
-0.1351351351
-0.130977131
-0.2016632017
-0.2515592516
-0.2723492723
-0.2474012474
-0.2016632017
-0.185031185
-0.1517671518
-0.130977131
-0.130977131
-0.185031185
-0.2224532225
-0.2390852391
-0.1891891892
-0.1434511435
-0.1143451143
-0.106029106
-0.08523908524
-0.1351351351
-0.1767151767
-0.1600831601
-0.1434511435
-0.1268191268
-0.1018711019
-0.07692307692
-0.06029106029
-0.0893970894
-0.1476091476
-0.1808731809
-0.1476091476
-0.1143451143
-0.08523908524
-0.07276507277
-0.06860706861
-0.07276507277
-0.1018711019
-0.1476091476
-0.1434511435
-0.1226611227
-0.09771309771
-0.08108108108
-0.08523908524
-0.06860706861
-0.1101871102
-0.1226611227
-0.106029106
-0.09771309771
-0.07276507277
-0.06860706861
-0.05197505198
-0.06860706861
-0.106029106
-0.1226611227
-0.106029106
-0.07276507277
-0.06860706861
-0.05197505198
-0.04365904366
-0.0395010395
-0.07692307692
-0.07276507277
-0.07692307692
-0.04365904366
-0.04365904366
-0.02702702703
-0.02702702703
-0.04781704782
-0.05613305613
-0.0395010395
-0.03118503119
-0.01871101871
-0.02286902287
-0.02286902287
-0.002079002079
-0.01871101871
-0.01455301455
-0.02702702703
-0.02286902287
-0.002079002079
-0.002079002079
-0.002079002079
0.006237006237
-0.01871101871
-0.0395010395
-0.04365904366
-0.05197505198
-0.02702702703
-0.02702702703
-0.02702702703
-0.0395010395
-0.07692307692
-0.106029106
-0.1226611227
-0.1101871102
-0.09771309771
-0.09771309771
-0.07692307692
-0.09355509356
-0.1185031185
-0.1476091476
-0.1268191268
-0.1268191268
-0.08523908524
-0.08108108108
-0.06029106029
-0.09771309771
-0.1517671518
-0.1517671518
-0.130977131
-0.1143451143
-0.09355509356
-0.08108108108
-0.08108108108
-0.08108108108
-0.1268191268
-0.1767151767
-0.1642411642
-0.130977131
-0.106029106
-0.07276507277
-0.04781704782
-0.03534303534
-0.06444906445
-0.06860706861
-0.08523908524
-0.08108108108
-0.07692307692
-0.07276507277
-0.05197505198
-0.04365904366
-0.04781704782
-0.0395010395
-0.06444906445
-0.08523908524
-0.06860706861
-0.06029106029
-0.04365904366
-0.04365904366
-0.04781704782
-0.09355509356
-0.1185031185
-0.1018711019
-0.106029106
-0.07276507277
-0.07276507277
-0.06444906445
-0.0395010395
-0.03118503119
-0.03534303534
-0.02702702703
-0.006237006237
0.002079002079
-0.002079002079
0.0103950104
0.002079002079
-0.01455301455
-0.04781704782
-0.06860706861
-0.07276507277
-0.04781704782
-0.04365904366
-0.0395010395
-0.01871101871
-0.02702702703
-0.02286902287
-0.05613305613
-0.06029106029
-0.07276507277
-0.06029106029
-0.05197505198
-0.04365904366
-0.0395010395
-0.03118503119
-0.01455301455
-0.02702702703
-0.03118503119
-0.1226611227
-0.2016632017
-0.2266112266
-0.1891891892
-0.1725571726
-0.1392931393
-0.1185031185
-0.1268191268
-0.130977131
-0.2182952183
-0.2598752599
-0.2349272349
-0.2058212058
-0.1891891892
-0.1600831601
-0.1476091476
-0.1600831601
-0.2141372141
-0.2141372141
-0.1725571726
-0.1434511435
-0.1143451143
-0.08108108108
-0.08108108108
-0.06444906445
-0.04365904366
-0.04365904366
-0.06860706861
-0.05197505198
-0.0395010395
-0.0103950104
-0.02702702703
-0.02702702703
-0.05197505198
-0.07692307692
-0.09771309771
-0.07692307692
-0.06029106029
-0.05197505198
-0.06029106029
-0.05197505198
-0.06860706861
-0.1226611227
-0.1517671518
-0.1891891892
-0.1642411642
-0.1517671518
-0.1268191268
-0.1018711019
-0.08523908524
-0.09771309771
-0.1268191268
-0.1933471933
-0.1808731809
-0.1559251559
-0.1268191268
-0.1185031185
-0.09355509356
-0.07692307692
-0.1392931393
-0.1642411642
-0.1476091476
-0.1392931393
-0.1101871102
-0.09771309771
-0.08523908524
-0.08108108108
-0.06029106029
-0.1268191268
-0.1476091476
-0.1351351351
-0.1268191268
-0.08523908524
-0.06444906445
-0.05197505198
-0.06029106029
-0.05613305613
-0.09355509356
-0.1268191268
-0.106029106
-0.1101871102
-0.1018711019
-0.08108108108
-0.06444906445
-0.06029106029
-0.06444906445
-0.1143451143
-0.1642411642
-0.1517671518
-0.1185031185
-0.1018711019
-0.09355509356
-0.06444906445
-0.06029106029
-0.06860706861
-0.08523908524
-0.07692307692
-0.09355509356
-0.09355509356
-0.06860706861
-0.04365904366
-0.0395010395
-0.0395010395
-0.04365904366
-0.05197505198
-0.06029106029
-0.02702702703
-0.02702702703
-0.02286902287
-0.0103950104
0.002079002079
-0.002079002079
-0.01871101871
-0.03534303534
-0.02286902287
-0.03118503119
-0.03534303534
-0.02286902287
-0.01455301455
-0.01871101871
-0.02286902287
-0.03534303534
-0.02702702703
-0.02286902287
-0.02702702703
-0.03118503119
-0.01455301455
-0.02286902287
-0.03118503119
-0.02286902287
-0.02702702703
-0.03118503119
-0.01455301455
-0.002079002079
-0.0103950104
0.002079002079
-0.002079002079
0.002079002079
-0.03534303534
-0.02702702703
-0.0395010395
-0.02286902287
-0.0103950104
-0.0103950104
0.002079002079
-0.02286902287
-0.07692307692
-0.1517671518
-0.2224532225
-0.2058212058
-0.1933471933
-0.1642411642
-0.1434511435
-0.1476091476
-0.130977131
-0.1933471933
-0.2515592516
-0.2349272349
-0.1933471933
-0.1642411642
-0.130977131
-0.1018711019
-0.07692307692
-0.01871101871
0.05197505198
0.1185031185
0.1559251559
0.1642411642
0.1600831601
0.1476091476
0.1434511435
0.1642411642
0.2723492723
0.3929313929
0.4261954262
0.3721413721
0.3180873181
0.2765072765
0.2390852391
0.2723492723
0.367983368
0.367983368
0.3222453222
0.288981289
0.2307692308
0.2141372141
0.2432432432
0.3513513514
0.4137214137
0.3762993763
0.3097713098
0.264033264
0.2349272349
0.1975051975
0.2224532225
0.3347193347
0.3887733888
0.3471933472
0.3097713098
0.2765072765
0.2266112266
0.1933471933
0.1600831601
0.1476091476
0.2016632017
0.2349272349
0.2224532225
0.2016632017
0.1517671518
0.1226611227
0.1185031185
0.106029106
0.1642411642
0.1683991684
0.1683991684
0.1268191268
0.1101871102
0.08523908524
0.07276507277
0.1559251559
0.2224532225
0.2474012474
0.2349272349
0.2016632017
0.185031185
0.1725571726
0.1975051975
0.3222453222
0.367983368
0.3222453222
0.2723492723
0.2349272349
0.1975051975
0.1767151767
0.2390852391
0.2931392931
0.2848232848
0.2390852391
0.20997921
0.1642411642
0.1392931393
0.1600831601
0.185031185
0.1975051975
0.185031185
0.1517671518
0.1185031185
0.0893970894
0.08523908524
0.106029106
0.1434511435
0.1434511435
0.1185031185
0.1018711019
0.0893970894
0.07692307692
0.08108108108
0.1143451143
0.1600831601
0.1642411642
0.1517671518
0.1268191268
0.1143451143
0.08523908524
0.06860706861
0.06444906445
0.09771309771
0.1101871102
0.1018711019
0.08523908524
0.06029106029
0.05197505198
0.03534303534
0.02702702703
0.0893970894
0.130977131
0.1268191268
0.1143451143
0.09771309771
0.08523908524
0.06860706861
0.05197505198
0.0893970894
0.08523908524
0.07692307692
0.07692307692
0.06444906445
0.06029106029
0.06029106029
0.04365904366
0.08523908524
0.1143451143
0.1226611227
0.1185031185
0.09355509356
0.07692307692
0.07276507277
0.05197505198
0.0893970894
0.1143451143
0.1018711019
0.0893970894
0.08108108108
0.06444906445
0.05613305613
0.03534303534
0.06029106029
0.05613305613
0.06444906445
0.06029106029
0.05197505198
0.03534303534
0.04365904366
0.02702702703
0.02702702703
0.02702702703
0.0395010395
0.03118503119
0.01871101871
0.02286902287
0.0103950104
0.0103950104
0.02286902287
0.04781704782
0.06029106029
0.06029106029
0.05197505198
0.04781704782
0.04781704782
0.02702702703
0.06444906445
0.06860706861
0.07692307692
0.07692307692
0.07276507277
0.07276507277
0.05197505198
0.09771309771
0.1143451143
0.106029106
0.1143451143
0.0893970894
0.07276507277
0.04365904366
0.04365904366
0.06860706861
0.08523908524
0.07276507277
0.06444906445
0.05613305613
0.05197505198
0.04365904366
0.01871101871
0.01871101871
0.01871101871
0.01455301455
0.006237006237
0.01455301455
-0.0103950104
-0.006237006237
-0.006237006237
-0.01455301455
-0.01455301455
-0.01455301455
-0.006237006237
0.006237006237
0.002079002079
-0.002079002079
-0.0103950104
0.006237006237
0.006237006237
0.0103950104
0.01871101871
0.01455301455
0.01455301455
0.01871101871
0.006237006237
0.03118503119
0.02702702703
0.04365904366
0.0395010395
0.04365904366
0.03118503119
0.02286902287
0.02286902287
-0.006237006237
0.01455301455
0.0103950104
0.03118503119
0.0395010395
0.03118503119
0.0395010395
0.02286902287
0.0103950104
0.03118503119
0.01871101871
0.02286902287
0.02702702703
0.02702702703
0.01871101871
0.01455301455
0.006237006237
0.0103950104
0.05197505198
0.0395010395
0.03118503119
0.02286902287
0.03118503119
0.02702702703
0.0103950104
0.0103950104
0.03118503119
0.02286902287
0.02702702703
0.03118503119
0.02702702703
0.02286902287
0.006237006237
0.002079002079
0.0103950104
0.02702702703
0.02286902287
0.02702702703
0.01455301455
0.0103950104
0.0103950104
0.01871101871
0.06860706861
0.08108108108
0.0893970894
0.08523908524
0.07692307692
0.07276507277
0.06860706861
0.06860706861
0.06444906445
0.09771309771
0.0893970894
0.08523908524
0.07276507277
0.06860706861
0.06444906445
0.04365904366
0.03118503119
0.0395010395
0.08523908524
0.0893970894
0.09355509356
0.08108108108
0.06860706861
0.05613305613
0.04365904366
0.09355509356
0.1642411642
0.2016632017
0.1933471933
0.1642411642
0.1434511435
0.1226611227
0.1143451143
0.106029106
0.2016632017
0.2723492723
0.2765072765
0.2515592516
0.2182952183
0.1891891892
0.1683991684
0.130977131
0.106029106
0.106029106
0.09771309771
0.08523908524
0.06029106029
0.04365904366
0.02702702703
0.01871101871
0.0103950104
0.0103950104
0.02286902287
0.03534303534
0.03534303534
0.0395010395
0.03534303534
0.02286902287
0.02286902287
0.01455301455
0.02702702703
0.04781704782
0.08108108108
0.0893970894
0.1018711019
0.09355509356
0.09355509356
0.07276507277
0.06029106029
0.08523908524
0.1268191268
0.1891891892
0.2016632017
0.2016632017
0.1725571726
0.1559251559
0.1351351351
0.1185031185
0.1517671518
0.2474012474
0.2806652807
0.2723492723
0.2307692308
0.1891891892
0.1434511435
0.1185031185
0.1351351351
0.2432432432
0.264033264
0.2432432432
0.2182952183
0.1933471933
0.1683991684
0.130977131
0.1143451143
0.1268191268
0.1891891892
0.1891891892
0.1600831601
0.1226611227
0.1185031185
0.08523908524
0.08523908524
0.08108108108
0.1143451143
0.1018711019
0.08108108108
0.07692307692
0.04781704782
0.0395010395
0.0395010395
0.02702702703
0.07692307692
0.1101871102
0.1018711019
0.09355509356
0.0893970894
0.07692307692
0.04365904366
0.03118503119
0.01455301455
0.01455301455
0.01871101871
0.006237006237
-0.006237006237
-0.01455301455
-0.01455301455
-0.03534303534
0.002079002079
0.01871101871
0.02702702703
0.02702702703
0.01871101871
0.006237006237
0.002079002079
0.006237006237
-0.01455301455
0.002079002079
0.02702702703
0.03118503119
0.02702702703
0.03534303534
0.03534303534
0.01871101871
0.006237006237
0.002079002079
0.01455301455
0.01871101871
0.03534303534
0.02286902287
0.01871101871
0.01455301455
-0.0103950104
-0.01455301455
0.002079002079
-0.01871101871
-0.006237006237
-0.0103950104
-0.0103950104
-0.01871101871
-0.01455301455
-0.01871101871
-0.01871101871
0.01455301455
0.0395010395
0.03118503119
0.04365904366
0.0395010395
0.04365904366
0.02286902287
0.0103950104
0.01455301455
0.006237006237
0.0103950104
0.006237006237
-0.006237006237
-0.0103950104
-0.006237006237
-0.01455301455
-0.03534303534
-0.01871101871
-0.01455301455
-0.0103950104
0.006237006237
0.006237006237
0.002079002079
-0.002079002079
0.002079002079
-0.01455301455
-0.002079002079
0.03118503119
0.0395010395
0.03534303534
0.02286902287
0.03534303534
0.0395010395
0.05197505198
0.06029106029
0.06029106029
0.05613305613
0.05613305613
0.04365904366
0.01871101871
0.0103950104
-0.006237006237
-0.002079002079
0.02702702703
0.04365904366
0.0395010395
0.0395010395
0.04365904366
0.03118503119
0.03118503119
0.06444906445
0.1351351351
0.185031185
0.185031185
0.1600831601
0.1517671518
0.1476091476
0.1351351351
0.1351351351
0.1975051975
0.2765072765
0.2848232848
0.2598752599
0.2224532225
0.1891891892
0.1392931393
0.1143451143
0.0893970894
0.130977131
0.2266112266
0.2474012474
0.2723492723
0.2266112266
0.2182952183
0.185031185
0.1268191268
0.1808731809
0.1725571726
0.185031185
0.20997921
0.1933471933
0.1808731809
0.1351351351
0.07276507277
0.0893970894
0.05613305613
0.1268191268
0.1767151767
0.1725571726
0.1434511435
0.1185031185
0.1143451143
0.09771309771
0.1351351351
0.2474012474
0.3097713098
0.2681912682
0.2182952183
0.1933471933
0.1434511435
0.1268191268
0.1226611227
0.1891891892
0.2058212058
0.1975051975
0.1476091476
0.1143451143
0.07692307692
0.03534303534
0.006237006237
-0.03118503119
-0.03118503119
-0.02286902287
-0.02702702703
-0.02286902287
-0.01455301455
-0.01871101871
0.01871101871
0.03118503119
0.0395010395
0.02702702703
0.03118503119
0.03118503119
0.02286902287
0.0103950104
0.04365904366
0.06444906445
0.07692307692
0.07276507277
0.06860706861
0.06860706861
0.04781704782
0.05613305613
0.09355509356
0.1642411642
0.20997921
0.2058212058
0.1933471933
0.1642411642
0.1434511435
0.1101871102
0.106029106
0.1351351351
0.1725571726
0.1767151767
0.1559251559
0.130977131
0.106029106
0.09355509356
0.09355509356
0.1434511435
0.2557172557
0.3264033264
0.3056133056
0.2765072765
0.2474012474
0.1975051975
0.1683991684
0.2182952183
0.3139293139
0.4178794179
0.3970893971
0.3513513514
0.2972972973
0.2349272349
0.1891891892
0.1725571726
0.1392931393
0.1559251559
0.2224532225
0.2058212058
0.1767151767
0.1517671518
0.1268191268
0.1351351351
0.2307692308
0.2474012474
0.2307692308
0.1933471933
0.1642411642
0.1226611227
0.1185031185
0.130977131
0.1517671518
0.1351351351
0.1018711019
0.09771309771
0.06029106029
0.06444906445
0.07692307692
0.09355509356
0.08108108108
0.07692307692
0.06860706861
0.06444906445
0.04781704782
0.05197505198
0.06444906445
0.07692307692
0.06444906445
0.07276507277
0.06029106029
0.0395010395
0.03118503119
-0.0103950104
-0.01455301455
-0.006237006237
-0.002079002079
-0.002079002079
-0.01871101871
-0.0103950104
-0.01455301455
-0.01871101871
-0.006237006237
-0.002079002079
0.0103950104
0.01871101871
0.0103950104
0.02286902287
0.006237006237
-0.002079002079
0.002079002079
-0.0395010395
-0.06444906445
-0.07276507277
-0.06860706861
-0.06860706861
-0.06029106029
-0.05613305613
-0.06860706861
-0.06860706861
-0.09355509356
-0.1101871102
-0.1018711019
-0.06860706861
-0.06444906445
-0.04781704782
-0.0395010395
-0.06029106029
-0.07276507277
-0.106029106
-0.0893970894
-0.07692307692
-0.06029106029
-0.04781704782
-0.0395010395
-0.06029106029
-0.09771309771
-0.1268191268
-0.1143451143
-0.09355509356
-0.07692307692
-0.08108108108
-0.06444906445
-0.08523908524
-0.1143451143
-0.1226611227
-0.1101871102
-0.09355509356
-0.08108108108
-0.06444906445
-0.06029106029
-0.06029106029
-0.09771309771
-0.1517671518
-0.1434511435
-0.1226611227
-0.106029106
-0.07276507277
-0.06444906445
-0.06860706861
-0.0893970894
-0.1351351351
-0.1600831601
-0.1434511435
-0.1185031185
-0.09355509356
-0.09355509356
-0.1018711019
-0.1642411642
-0.2432432432
-0.2557172557
-0.20997921
-0.1767151767
-0.1351351351
-0.130977131
-0.1600831601
-0.1891891892
-0.20997921
-0.1642411642
-0.1351351351
-0.1143451143
-0.1101871102
-0.1351351351
-0.1683991684
-0.1683991684
-0.1559251559
-0.1226611227
-0.106029106
-0.0893970894
-0.08108108108
-0.09771309771
-0.1392931393
-0.1517671518
-0.1351351351
-0.09771309771
-0.07276507277
-0.07692307692
-0.06860706861
-0.06860706861
-0.05197505198
-0.06860706861
-0.06444906445
-0.06029106029
-0.05197505198
-0.03534303534
-0.03118503119
-0.04781704782
-0.07276507277
-0.06444906445
-0.04365904366
-0.03534303534
-0.03118503119
-0.01871101871
-0.02286902287
-0.03118503119
-0.05197505198
-0.05613305613
-0.07692307692
-0.05613305613
-0.04781704782
-0.0395010395
-0.03534303534
-0.02286902287
-0.04781704782
-0.07276507277
-0.1559251559
-0.1808731809
-0.1683991684
-0.1517671518
-0.1434511435
-0.1268191268
-0.1185031185
-0.1725571726
-0.2432432432
-0.2515592516
-0.2307692308
-0.1933471933
-0.1600831601
-0.1434511435
-0.1559251559
-0.1933471933
-0.2515592516
-0.2182952183
-0.1725571726
-0.1559251559
-0.1268191268
-0.1101871102
-0.1600831601
-0.2182952183
-0.2557172557
-0.2390852391
-0.1975051975
-0.1559251559
-0.1351351351
-0.1683991684
-0.2266112266
-0.2681912682
-0.2557172557
-0.2016632017
-0.185031185
-0.1434511435
-0.1101871102
-0.1351351351
-0.1891891892
-0.2307692308
-0.2058212058
-0.1683991684
-0.1351351351
-0.130977131
-0.1018711019
-0.1559251559
-0.20997921
-0.2016632017
-0.1683991684
-0.1434511435
-0.1268191268
-0.09771309771
-0.130977131
-0.185031185
-0.2058212058
-0.1683991684
-0.1434511435
-0.106029106
-0.09355509356
-0.1018711019
-0.1351351351
-0.1725571726
-0.1600831601
-0.1226611227
-0.1143451143
-0.08523908524
-0.08523908524
-0.08108108108
-0.08108108108
-0.130977131
-0.130977131
-0.09355509356
-0.08523908524
-0.05197505198
-0.03118503119
-0.02286902287
-0.0395010395
-0.03534303534
-0.02702702703
-0.0103950104
-0.006237006237
-0.01455301455
-0.002079002079
-0.0103950104
-0.03118503119
-0.05197505198
-0.06029106029
-0.05613305613
-0.05197505198
-0.02702702703
-0.04365904366
-0.01455301455
-0.02286902287
-0.0103950104
-0.0103950104
0.002079002079
-0.002079002079
0.01871101871
0.006237006237
0.01455301455
-0.02286902287
-0.03118503119
-0.01455301455
-0.006237006237
-0.01871101871
-0.01871101871
-0.0103950104
-0.02702702703
-0.002079002079
-0.02286902287
-0.01455301455
-0.01455301455
-0.006237006237
-0.01455301455
-0.01871101871
-0.03534303534
-0.0395010395
-0.04365904366
-0.04781704782
-0.02702702703
-0.0103950104
-0.006237006237
-0.0103950104
-0.03118503119
-0.04781704782
-0.04781704782
-0.03118503119
-0.03118503119
-0.03534303534
-0.02286902287
-0.02286902287
-0.05613305613
-0.09355509356
-0.09771309771
-0.09771309771
-0.08523908524
-0.07276507277
-0.06444906445
-0.06029106029
-0.07276507277
-0.0893970894
-0.08523908524
-0.05197505198
-0.02702702703
-0.02286902287
-0.02286902287
-0.03534303534
-0.0395010395
-0.04781704782
-0.05197505198
-0.05197505198
-0.02702702703
-0.04365904366
-0.03118503119
-0.08523908524
-0.1185031185
-0.106029106
-0.08108108108
-0.07692307692
-0.06444906445
-0.04365904366
-0.04365904366
-0.07276507277
-0.09771309771
-0.09355509356
-0.08523908524
-0.06860706861
-0.06029106029
-0.03534303534
-0.0395010395
-0.05613305613
-0.0893970894
-0.1392931393
-0.1226611227
-0.1101871102
-0.09355509356
-0.0893970894
-0.08523908524
-0.1143451143
-0.1683991684
-0.1725571726
-0.1392931393
-0.1143451143
-0.09355509356
-0.06029106029
-0.03534303534
-0.01871101871
-0.01455301455
-0.02702702703
-0.02286902287
0.0103950104
0.002079002079
0.01871101871
0.03534303534
0.0395010395
0.03118503119
0.0395010395
0.0395010395
0.03118503119
-0.002079002079
-0.01455301455
-0.02286902287
-0.03534303534
-0.01871101871
-0.01871101871
-0.01871101871
-0.0395010395
-0.01871101871
-0.03118503119
-0.0103950104
0.0103950104
0.002079002079
0.01871101871
0.0103950104
0.03118503119
0.03118503119
-0.01455301455
-0.0103950104
-0.01455301455
-0.03118503119
-0.06444906445
-0.2432432432
-0.343035343
-0.3887733888
-0.2141372141
-0.2016632017
-0.2224532225
-0.2681912682
-0.2557172557
-0.2058212058
-0.1725571726
-0.1268191268
-0.09771309771
-0.0893970894
-0.106029106
-0.2224532225
-0.2432432432
-0.2266112266
-0.20997921
-0.1767151767
-0.1559251559
-0.1559251559
-0.1975051975
-0.264033264
-0.264033264
-0.2349272349
-0.1891891892
-0.1559251559
-0.1185031185
-0.09771309771
-0.1268191268
-0.1434511435
-0.1517671518
-0.1476091476
-0.1101871102
-0.08523908524
-0.07692307692
-0.07692307692
-0.0893970894
-0.106029106
-0.1434511435
-0.1185031185
-0.1018711019
-0.09355509356
-0.0893970894
-0.09355509356
-0.1018711019
-0.185031185
-0.2058212058
-0.20997921
-0.1891891892
-0.1476091476
-0.1351351351
-0.130977131
-0.1559251559
-0.1642411642
-0.1476091476
-0.1226611227
-0.08523908524
-0.06860706861
-0.05197505198
-0.04781704782
-0.0395010395
-0.06860706861
-0.106029106
-0.09355509356
-0.06860706861
-0.06029106029
-0.04781704782
-0.03118503119
-0.05197505198
-0.06444906445
-0.07692307692
-0.05197505198
-0.04365904366
-0.03118503119
-0.05197505198
-0.04365904366
-0.06860706861
-0.07276507277
-0.04781704782
-0.04365904366
-0.0395010395
-0.03118503119
-0.02286902287
-0.0103950104
-0.0395010395
-0.05613305613
-0.04781704782
-0.0395010395
-0.02286902287
-0.02702702703
-0.01871101871
-0.01455301455
-0.04365904366
-0.07276507277
-0.04781704782
-0.04365904366
-0.02286902287
-0.03534303534
-0.0395010395
-0.03534303534
-0.06444906445
-0.07692307692
-0.07276507277
-0.04781704782
-0.04365904366
-0.03118503119
-0.0395010395
-0.04365904366
-0.09355509356
-0.185031185
-0.2349272349
-0.2224532225
-0.185031185
-0.1767151767
-0.1517671518
-0.1517671518
-0.2141372141
-0.2390852391
-0.1975051975
-0.1767151767
-0.130977131
-0.1268191268
-0.1226611227
-0.1268191268
-0.1808731809
-0.1975051975
-0.1683991684
-0.1476091476
-0.1268191268
-0.1143451143
-0.1101871102
-0.1226611227
-0.1392931393
-0.1559251559
-0.130977131
-0.106029106
-0.07276507277
-0.06029106029
-0.07276507277
-0.106029106
-0.1185031185
-0.1018711019
-0.07276507277
-0.06029106029
-0.05197505198
-0.0395010395
-0.05197505198
-0.05613305613
-0.1101871102
-0.1517671518
-0.1434511435
-0.0893970894
-0.06860706861
-0.06860706861
-0.07276507277
-0.06860706861
-0.04781704782
-0.03118503119
-0.01455301455
0.002079002079
0.01871101871
0.03118503119
0.01455301455
0.002079002079
-0.02702702703
-0.05613305613
-0.0395010395
-0.01871101871
-0.01871101871
-0.0103950104
-0.0395010395
-0.02702702703
0.05197505198
0.05197505198
0.05613305613
0.03534303534
0.0395010395
-0.0103950104
0.0395010395
0.06029106029
0.06444906445
0.0893970894
0.09355509356
0.07276507277
0.05197505198
0.08523908524
0.0893970894
0.1101871102
0.130977131
0.1226611227
0.08523908524
0.08108108108
0.07276507277
0.09355509356
0.1642411642
0.2016632017
0.185031185
0.1559251559
0.1392931393
0.1101871102
0.08108108108
0.1392931393
0.185031185
0.2349272349
0.2266112266
0.1808731809
0.1559251559
0.1226611227
0.09771309771
0.09771309771
0.1185031185
0.1392931393
0.1392931393
0.1351351351
0.1226611227
0.106029106
0.09355509356
0.06860706861
0.07276507277
0.1018711019
0.1725571726
0.2390852391
0.2307692308
0.1975051975
0.1808731809
0.1642411642
0.1392931393
0.2141372141
0.3555093555
0.4345114345
0.4054054054
0.3513513514
0.2972972973
0.2598752599
0.20997921
0.1933471933
0.2515592516
0.3056133056
0.3596673597
0.4012474012
0.3638253638
0.3097713098
0.2598752599
0.2182952183
0.1891891892
0.1933471933
0.2307692308
0.2515592516
0.2266112266
0.185031185
0.1559251559
0.1351351351
0.1268191268
0.2058212058
0.3097713098
0.2972972973
0.2681912682
0.2307692308
0.1933471933
0.1476091476
0.130977131
0.1767151767
0.2058212058
0.2141372141
0.1933471933
0.1517671518
0.1268191268
0.0893970894
0.06860706861
0.1101871102
0.1559251559
0.1559251559
0.1559251559
0.130977131
0.1185031185
0.106029106
0.07692307692
0.0395010395
0.03534303534
0.03534303534
0.03118503119
0.01455301455
0.01455301455
0.006237006237
-0.0103950104
0.002079002079
0.05613305613
0.08523908524
0.09355509356
0.09771309771
0.08108108108
0.08108108108
0.06444906445
0.08108108108
0.1642411642
0.1933471933
0.1933471933
0.1725571726
0.1476091476
0.130977131
0.1101871102
0.1185031185
0.1891891892
0.2349272349
0.2266112266
0.2058212058
0.1808731809
0.1559251559
0.1434511435
0.1101871102
0.1351351351
0.1642411642
0.185031185
0.1725571726
0.1476091476
0.1185031185
0.08523908524
0.0893970894
0.106029106