15425
15340
15210
15511
15390
15454
15405
15332
15328
15423
15407
15329
15325
15365
15371
15320
15342
15535
15400
15228
15358
15471
15261
15525
15449
15479
15497
15387
15505
15318
15287
15341
15356
15443
15301
15483
15320
15325
15433
15321
15231
15392
15332
15384
15401
15371
15224
15231
15319
15360
15348
15353
15424
15282
15348
15333
15230
15380
15211
15300
15321
15483
15379
15262
15346
15213
15417
15308
15456
15421
15441
15430
15383
15424
15315
15255
15450
15301
15244
15324
15417
15450
15337
15248
15177
15373
15301
15302
15338
15322
15334
15441
15390
15339
15340
15322
15134
15492
15291
15302
15371
15225
15426
15326
15311
15317
15483
15383
15341
15274
15312
15316
15416
15409
15447
15342
15337
15411
15506
15433
15403
15343
15340
15533
15223
15323
15189
15360
15310
15371
15254
15393
15229
15358
15386
15359
15430
15343
15384
15412
15421
15338
15381
15351
15353
15460
15286
15456
15361
15456
15433
15308
15294
15399
15431
15359
15513
15165
15400
15458
15032
15344
15465
15418
15062
15431
15402
15352
15455
15342
15396
15425
15457
15365
15410
15556
15396
15240
15419
15380
15359
15514
15321
15461
15402
15338
15356
15278
15343
15431
15213
15261
15446
15445
15566
15522
15459
15465
15335
15324
15410
15357
15400
15334
15331
15451
15478
15350
15284
15423
15522
15255
15298
15385
15436
15329
15457
15511
15441
15288
15471
15397
15336
15361
15465
15171
15314
15356
14935
15341
15346
15404
15362
15336
15332
15296
15420
15332
15445
15395
15542
15436
15354
15321
15384
15282
15503
15353
15388
15486
15382
15373
15401
15433
15293
15396
15324
15364
15303
15321
15387
15347
15471
15450
15448
15371
15436
15342
15288
15357
15342
15354
15417
15392
15452
15352
15421
15378
15257
15353
15254
15556
15303
15279
15489
15342
15408
15385
15429
15353
15351
15418
15510
15354
15410
15359
15388
15432
15375
15323
15345
15430
15450
15268
15286
15365
15555
15381
15345
15388
15339
15235
15382
15368
15391
15288
15399
15457
15453
15303
15194
15245
15487
15430
15437
15340
15287
15395
15405
15206
15432
15226
15481
15162
15443
15393
15403
15423
15233
15425
15428
15328
15348
15300
15374
15384
15430
15356
15338
15457
15443
15234
15419
15359
15428
15348
15372
15435
15280
15260
15194
15385
15326
15360
15341
15394
15310
15382
15391
15369
15439
15310
15463
15240
15411
15414
15433
15325
15287
15309
15487
15295
15195
15345
15480
15407
15222
15367
15339
15308
15381
15398
15426
15238
15306
15341
15269
15389
15392
15255
15425
15343
15313
15303
15406
15295
15416
15242
15387
15437
15461
15517
15336
15348
15346
15273
15261
15312
15368
15387
15313
15342
15383
15345
15324
15409
15320
15344
15341
15444
15395
15417
15430
15474
15397
15156
15449
15360
15297
15298
15355
15418
15434
15450
15251
15420
15422
15304
15381
15246
15456
15451
15334
15349
15348
15325
15203
15347
15368
15345
15489
15278
15416
15274
15390
15335
15319
15370
15299
15515
15272
15411
15353
15363
15288
15329
15344
15234
15310
15510
15511
15383
15441
15309
15401
15371
15254
15295
15458
15485
15412
15364
15248
15420
15054
15448
15277
15371
15341
15341
15431
15441
15125
15334
15463
15349
15448
15434
15414
15420
15440
15429
15412
15002
15292
15227
15401
15382
15385
15339
15414
15309
15442
15205
15231
15341
15415
15444
15241
15337
15399
15397
15460
15427
15321
15316
15380
15275
15428
15224
15424
15346
15440
15324
15274
15380
15356
15350
15406
15217
15396
15509
15424
15344
15418
15371
15368
15371
15307
15343
15435
15326
15431
15398
15481
15339
15388
15429
15444
15337
15487
15484
15259
15385
15318
15110
15455
14993
15340
15438
15417
15300
15197
15346
15345
15445
15254
15380
15265
15381
15206
15250
15367
15404
15324
15420
15021
15313
15338
15427
15238
15452
15013
15459
15369
15326
15419
15359
15405
15240
15325
15367
15412
15324
15262
15320
15402
15299
15248
15317
15383
15149
15339
15285
15254
15328
15424
15323
15353
15315
15330
15515
15307
15320
15336
15429
15457
15253
15419
15415
15533
15400
15394
15425
15337
15284
15310
15310
15346
15327
15260
15314
15276
15476
15312
15387
15411
15223
15412
15317
15267
15324
15324
15334
15395
15007
15239
15401
15331
15309
15450
15364
15294
15377
15516
15324
15305
15418
15405
15389
15231
15249
15262
15309
15373
15559
15173
15326
15350
15297
15320
15431
15316
15286
15365
15354
15337
15424
15256
15531
15380
15329
15304
15328
15424
15293
15515
15282
15331
15432
15337
15420
15451
15354
15261
15298
15480
15308
15271
15296
15345
15313
15206
15428
15384
15274
15265
15372
15507
15389
15528
15325
15360
15316
15384
15294
14958
15459
15388
15356
15434
15356
15315
15373
15527
15219
15391
15425
15335
15417
15251
15411
14897
15305
15346
15335
15343
15409
15353
15312
15229
15347
15323
15395
15427
15360
15450
15366
15402
15324
15320
15413
15415
15369
15469
15346
15345
15406
15305
15433
15217
15423
15350
15407
15402
15264
15142
15271
15315
15409
15322
15450
15395
15303
15338
15373
15350
15411
15399
15402
15390
15345
15425
15354
15418
15409
15392
15430
15296
15310
15208
15432
15321
15195
15285
15318
15360
15293
15389
15377
15373
15279
15437
15440
15225
15356
15304
15494
15296
15236
15067
15284
15444
15324
15295
15494
15333
15403
15322
15276
15199
15397
15383
15334
15490
15446
15378
15236
15318
15422
15280
15428
15243
15339
15293
15397
15265
15350
15341
15432
15442
15426
15327
15443
15211
15412
15349
15411
15417
15229
15276
15565
15383
15377
15416
14992
15436
15334
15462
15145
15325
15394
15242
15473
15404
15359
15466
15297
15438
15267
15372
15371
15346
15394
15428
15417
15422
15455
15391
15299
15315
15315
15415
15218
15430
15444
15395
15412
15191
15337
15401
15343
15380
15385
15422
15404
15411
15221
15257
15362
15348
15390
15033
15375
15477
15396
15391
15408
15350
15321
15427
15252
15295
15360
15323
15338
15321
15171
15351
15222
15369
15437
15490
15438
15318
15217
15437
15436
15365
15507
15353
15413
15300
15323
15342
15406
15382
15381
15438
15515
15330
15303
15363
15227
15323
15301
15296
15177
15315
15433
15328
15317
15452
15508
15422
15471
15304
15020
15397
15401
15253
15458
15394
15331
15417
15328
15247
15403
15381
15233
15351
15433
15328
15260
15214
15398
15462
15325
15403
15367
15077
15428
15328
15388
15402
15325
15327
15268
15364
15447
15209
14972
15357
15409
15322
15379
15405
15353
15481
15334
15191
15284
15517
15436
15294
15322
15372
15303
15260
15377
15405
15438
15305
15314
15421
15415
15333
15268
15456
15319
15327
15361
15337
15356
15442
15293
15280
15362
15438
15397
15430
15350
15449
15381
15433
15383
15320
15396
15359
15341
15332
15432
15303
15501
15343
15333
15376
15275
15428
15456
15438
15362
15344
15514
15376
15392
15409
15418
15037
15434
15345
15344
15299
15438
15367
15420
15154
15225
15438
15326
15394
15352
15315
15284
15382
15353
15312
15428
15208
15361
15473
15175
15414
15514
15527
15506
15403
15403
15348
15381
15468
15384
15310
15477
15474
15338
15400
15278
15395
15431
15389
15257
15439
15407
15342
15398
15425
15426
15392
15354
15477
15396
15446
15506
15379
15341
15379
15360
15289
15456
15328
15529
15440
15317
15297
15398
15294
15166
15336
15373
15316
15295
15408
15487
15396
15339
15421
15351
15431
15318
15346
15330
15485
15513
15155
15218
15348
15323
15284
15421
15442
15172
14997
15378
15413
15332
15412
15462
15432
15415
15283
15181
15261
15400
15336
15402
15313
15404
15349
15254
15442
15341
15390
15374
15409
15240
15298
15389
15344
15420
15253
15412
15366
15430
15235
15369
15357
15440
15442
15526
15271
15378
15436
15325
15466
15367
15384
15425
15414
15400
15266
15213
15161
15313
15370
15455
15408
15434
15459
15231
15323
15377
15341
15331
15408
15317
15332
15502
15493
15525
15375
15536
15307
15460
15420
15396
15394
15419
15331
15314
15422
15479
15410
15250
15356
15212
15258
15417
15442
15306
15298
15345
15248
15461
15318
15419
15494
15442
15357
15429
15407
15333
15450
15395
15410
15303
15247
15421
15404
15340
15450
15225
15295
15240
15329
15089
15411
15331
15618
15407
15377
15342
15274
15374
15384
15336
15580
15257
15478
15268
15413
15466
15423
15319
15347
15319
15385
15263
15332
15446
15286
15365
15375
15394
15436
15391
15396
15328
15364
15425
15432
15389
15335
15485
15353
15281
15349
15371
15323
15397
15344
15442
15325
15367
15427
15391
15394
15359
15278
15436
15406
15357
15376
15422
15414
15280
15321
15295
15486
15459
15441
15409
15233
15396
15405
15448
15266
15263
15309
15369
15442
15350
15270
15329
15301
15223
15418
15350
15439
15252
15423
15323
15330
15317
15396
15339
15414
15357
15321
15407
15278
15344
15342
15342
15394
15248
15324
15428
15359
15436
15359
15407
15330
15343
15380
15367
15224
15336
15216
15420
15332
15257
15241
15386
15235
15426
15217
15340
15232
15339
15503
15499
15350
15345
15347
15398
15394
15394
15316
15310
15386
15375
15403
15259
15477
15397
15301
15303
15357
15351
15391
15482
15451
15419
15430
15389
15345
15314
15416
15395
15024
15325
15394
15445
15420
15231
15374
15278
15285
15359
15507
15353
15322
15335
15212
15406
15384
15433
15330
15446
15435
15375
15334
15442
15428
15442
15330
15301
15400
15220
15418
15314
15324
15336
15436
15451
15410
15400
15324
15331
15238
15375
15359
15172
15357
15347
15451
15467
15264
15256
15294
15429
15304
15399
15400
15411
15247
15386
15367
15434
15259
15353
15303
15371
15483
15485
15318
15488
15350
15386
15442
15326
15327
15289
15285
15169
15452
15484
15334
15321
15448
15362
15324
15316
15412
15482
15370
15346
15253
15306
15263
15393
15260
15425
15426
15427
15451
15354
15229
15464
15359
14910
15497
15255
15445
15345
15150
15420
15246
15390
15226
15412
15310
15365
15173
15513
15261
15335
15320
15314
15370
15262
15420
15477
15433
15253
15240
15486
15268
15242
15217
15462
15237
15256
15347
15377
15422
15359
15316
15467
15377
15429
15394
15395
15457
15259
15287
15328
15445
15408
15585
15323
15341
15323
15531
15425
15434
15389
15293
15412
15525
15417
15434
15201
15372
15321
15348
15281
15500
15389
15409
15472
15256
15318
15045
15406
15447
15352
15444
15425
15313
15440
15329
15348
15360
15362
15350
15409
15414
15331
15289
15413
15364
15414
15409
15464
15302
15347
15481
15347
15429
15435
15401
15377
15400
15414
15310
15479
15307
15272
15344
15487
15298
15417
15323
15422
15390
15322
15422
15422
15411
15307
15454
15387
15313
15129
15413
15467
15460
15340
15408
15414
15245
15344
15344
15335
15414
15326
15506
15331
15431
15297
15458
15264
15326
15350
15417
15416
15370
15481
15347
15380
15321
15341
15474
15417
15304
15484
15343
15414
15319
15308
15528
15370
15397
15453
15366
15389
15402
15414
15335
15355
15334
15343
15333
15498
15447
15418
15373
15236
15287
15463
15303
15403
15376
15295
15285
15300
15344
15423
15477
15378
15401
15302
15403
15365
15388
15205
15406
15353
15481
15418
15438
15240
15421
15444
15356
15281
15535
15450
15165
15364
15327
15273
15576
15391
15379
15439
15421
15341
15347
15373
15349
15492
15261
15312
15421
15481
15411
15243
15318
15447
15397
15275
15247
15324
15329
15413
15336
15503
15512
15411
15361
15497
15164
15390
15477
15397
15338
15379
15509
15342
15321
15344
15441
15423
15383
15393
15397
15377
15377
15233
15366
15242
15491
15416
15379
15516
15345
15440
15581
15480
15264
15306
15432
15343
15231
15306
15303
15263
15530
15374
15479
15306
15387
15418
15403
15395
15363
15185
15406
15413
15355
15311
15418
15457
15379
14998
15447
15515
15434
15328
15222
15451
15339
15421
15321
15346
15377
15431
15336
15320
15251
15546
15313
15392
15096
15343
15126
15420
15426
15263
15323
15380
15416
15420
15389
15375
15446
15386
15326
15385
15408
15408
15415
15289
15258
15356
15446
15366
15242
15498
15381
15429
15371
15339
15367
15315
15335
15420
15382
15365
15329
15341
15263
15378
15113
15349
15436
15555
15358
15401
15404
15314
15397
15392
15330
15239
15541
15351
15336
15504
15421
15365
15349
15382
15252
15493
15398
15602
15349
15423
15274
15407
15343
15422
15415
15448
15422
15466
15434
15385
15404
15430
15406
15416
15367
15448
15394
15416
15044
15338
15247
15346
15352
15437
15421
15419
15375
15466
15321
15400
15371
15109
15417
15433
15419
15450
15466
15350
15360
15409
15417
15349
15400
15387
15367
15419
15241
15352
15415
15353
15437
15431
15329
15332
15286
15368
15239
15390
15507
15462
15351
15231
15396
15489
15212
15500
15365
15350
15207
15460
15299
15448
15415
15329
15351
15357
15411
15422
15334
15215
15222
15424
15367
15430
15290
15282
15356
15522
15294
15436
15316
15332
15328
15411
15335
15356
15385
15412
15368
15293
15464
15326
15333
15243
15473
15460
15235
15386
15331
15212
15493
15240
15317
15449
15385
15367
15318
15344
15320
15335
15314
15386
15277
15465
15352
15419
15391
15250
15383
15447
15310
15322
15452
15316
15233
15416
15433
15338
15350
15278
15342
15279
15340
15394
15326
15319
15227
15409
15299
15350
15421
15393
15439
15497
15498
15123
15436
15361
15367
15318
15290
15338
15370
15367
15259
15305
15466
15549
15323
15192
15411
15342
15385
15361
15425
15409
15312
15384
15287
15483
15320
15229
15502
15315
15433
15306
15325
15339
15358
15326
15325
15458
15414
15260
15385
15548
15444
15320
15308
15447
15411
15336
15384
15358
15355
15362
15426
15266
15477
15399
15427
15429
15378
15469
15441
15395
15445
15300
15381
15273
15211
15391
15436
15201
15315
15313
15322
15277
15219
15243
15443
15379
15193
15524
15400
15244
15477
15298
15436
15276
15324
15395
15282
15389
15353
15412
15481
15409
15418
15438
15226
15326
15340
15354
15254
15267
15081
15396
15438
15352
15436
15317
15294
15422
15309
15382
15394
15431
15329
15439
15415
15287
15404
15392
15365
15371
15236
15454
15422
15392
15392
15278
15409
15347
15295
15109
15485
15310
15299
15451
15387
15274
15280
15426
15482
15339
15309
15447
15407
15344
15332
15437
15291
15378
15135
15401
15426
15300
15450
15186
15221
15326
15379
15403
15302
15239
15292
15331
15376
15360
15384
15412
15190
15387
15429
15422
15355
15227
15432
15388
15327
15498
15443
15350
15460
15384
15337
15368
15333
15104
15438
15353
15303
15242
15463
15287
15406
15361
15256
15503
15400
15421
15325
15393
15401
15395
15435
15482
15508
15371
15340
15325
15469
15473
15230
15283
15350
15413
15250
15251
15305
15347
15362
15428
15428
15303
15329
15449
15516
15371
15409
15214
15345
15310
15441
15501
15224
15231
15335
15389
15424
15429
15434
15240
15331
15326
15320
15394
15376
15341
15406
15433
15357
15367
15302
15332
15423
15441
15389
15339
15393
15302
15412
15345
15316
15346
15341
15301
15315
15445
15246
15412
15481
15452
15232
15344
15415
15331
15411
15379
15346
15403
15358
15307
15422
15330
15327
15416
15297
15331
15316
15314
15344
15398
15374
15312
15345
15338
15109
15340
15169
15337
15400
15348
15440
15220
15362
15324
15432
15390
15376
15385
15421
15382
15273
15351
15376
15328
15450
15423
15421
15401
15257
15368
15373
15349
15484
15416
15322
15401
15381
15336
15369
15393
15192
15204
15421
15336
15324
15328
15317
15490
15335
15341
15338
15338
15365
15330
15501
15290
15219
15288
15399
15283
15412
15384
15414
15304
15387
15412
15433
15339
15313
15392
15255
15481
15352
15342
15458
15406
15268
15305
15413
15332
15422
15324
15326
15381
15317
15377
15340
15495
15300
15333
15424
15321
15319
15310
15327
15205
15428
15338
15361
15395
15240
15343
15253
15417
15328
15372
15359
15398
15413
15392
15352
15266
15325
15417
15378
15273
15359
15407
15360
15382
15345
15417
15294
15403
15232
15369
15391
15316
15451
15416
15320
15342
15429
15315
15506
15329
15256
15367
15344
15313
15381
15429
15330
15327
15411
15376
15376
15216
15346
15333
15423
15399
15367
15320
15214
15299
15423
15412
15431
15370
15348
15381
15421
15359
15260
15361
15295
15290
15354
15324
15246
15514
15348
15432
15359
15325
15286
15445
15427
15389
15194
15320
15317
15454
15414
15376
15360
15292
15263
15405
15362
15565
15391
15502
15427
15386
15327
15395
15355
15326
15323
15417
15382
15321
14889
15309
15241
15336
15281
15356
15225
15309
15433
15432
15432
15408
15419
15322
15262
15212
15492
15434
15528
15408
15110
15399
15226
15440
15380
15514
15406
15509
15341
15329
15375
15275
15405
15154
15379
15360
15329
15328
15309
15376
15333
15340
15507
15398
15397
15332
15351
15372
15371
15483
15338
15366
15357
15407
15381
15204
15335
15330
15342
15421
15424
15219
15417
15385
15297
15322
15333
15458
15377
15403
15362
15263
15336
15307
15326
15423
15380
15522
15418
15413
15447
15346
15319
15483
14960
15371
15392
15323
15336
15257
15402
15186
15348
15423
15035
15318
15149
14981
15377
15424
15443
15348
15344
15304
15336
15308
15458
15246
15273
15335
15344
15374
15368
15445
15375
15334
15236
15354
15246
15367
15421
15272
15380
15364
15302
15414
15308
15443
15422
15439
15439
15342
15429
15500
15436
15325
15342
15241
15436
15407
15330
15353
15442
15336
15359
15440
15401
15404
15446
15402
15486
15227
15328
15433
15398
15209
15405
15293
15401
15335
15325
15265
15212
15332
14796
15329
15218
15349
15351
15372
15337
15303
15410
15337
15375
15360
15257
15497
15272
15388
15154
15418
15307
15292
15412
15308
15258
15287
15410
15325
15384
15234
15446
15584
15349
15517
15406
15328
15301
15320
15349
15399
15354
15330
15294
15363
15400
15508
15420
15436
15571
15333
15507
15324
15457
15453
15294
15330
15018
15000
15425
15435
15369
15525
15335
15437
15395
15397
15314
15410
15454
15322
15345
15393
15494
15351
15441
15333
15233
15274
15375
15364
15359
15347
15437
15387
15404
15218
15413
15246
15277
15430
15354
15441
15316
15413
15324
15406
15453
15405
15269
15416
15501
15433
15360
15354
15350
15403
15498
15315
15357
15315
15252
15441
15306
15389
15343
15407
15247
15508
15419
15319
15236
15399
15572
15309
15403
15361
15349
15413
15431
15313
15318
15341
15348
15421
15337
15337
15451
15139
15268
15404
15377
15429
15313
15353
15377
15428
15310
15286
15335
15353
15436
15354
15232
15392
15386
15407
15404
15327
15342
15503
15408
15326
15320
15419
15085
15310
15391
15277
15434
15335
15382
15429
15436
15265
15500
15442
15263
15263
15304
15357
15228
15376
15343
15276
15344
15399
15333
15556
15338
15418
15106
15405
15387
15443
15431
15241
15278
15274
15167
15423
15263
15330
15409
15441
15411
15397
15330
15277
15365
15336
15233
15434
15359
15166
15301
15340
15333
15335
15399
15204
15330
15345
15351
15456
15313
15336
15282
15418
15275
15313
15350
15326
15417
15416
15400
15365
15377
15390
15470
15430
15337
15429
15347
15295
15295
15313
15386
15344
15342
15228
15322
15382
15419
15488
15287
15313
15419
15390
15366
15301
15350
15379
15415
15299
15238
15313
15331
15401
15268
15261
15298
15355
15396
15400
15228
15334
15427
15329
15306
15391
15342
15404
15419
15346
15335
15305
15422
15326
15327
15304
15494
15439
15423
15377
15430
15331
15443
15349
15417
15224
15345
15243
15115
15355
15281
15412
15392
15357
15405
15532
15395
15415
15477
15413
15384
15424
15342
15414
15294
15422
15334
15400
15315
15398
15392
15447
15425
15220
15322
15319
15247
15317
15346
15175
15343
15330
15398
15266
15353
15339
15330
15239
15390
15417
15326
15346
15303
15410
15401
15383
15324
15264
15262
15077
15340
15226
15426
15312
15420
15324
15347
15414
15428
15424
15299
15339
15284
15386
15230
15337
15387
15301
15483
15521
15348
15412
15349
15392
15383
15401
15351
15373
15118
15413
15437
15329
15401
15427
15247
15393
15391
15433
15434
15249
15409
15396
15365
15416
15310
15256
15329
15453
15484
15342
15433
15438
15346
15331
15284
15392
15291
15321
15311
15421
15515
15344
15296
15348
15340
15403
15346
15438
15245
15543
15336
15210
15424
15377
15368
15431
15304
15238
15259
15332
15399
15247
15417
15296
15416
15397
15334
15420
15291
15414
15346
15327
15446
15297
15269
15315
15299
15339
15313
15454
15424
15366
15497
15443
15256
15278
15386
15342
15414
15406
15330
15315
15349
15378
15402
15418
15487
15441
15421
15229
15385
15350
15340
15408
15433
15314
15442
15337
15507
15341
15266
15310
15355
15229
15383
15343
15389
15433
15315
15416
15258
15389
15011
15291
15409
15405
15229
15382
15374
15350
15437
15434
15462
15393
15385
15439
15401
15383
15346
15381
15258
15357
15168
15501
15309
15364
15323
15322
15341
15327
15318
15355
15325
15358
15258
15300
15462
15415
15355
15033
15363
15239
15385
15371
15397
15435
15439
15413
15424
15422
15414
15189
15207
15239
15325
15384
15255
15422
15186
15218
15362
15246
15403
15258
15340
15437
15402
15171
15365
15365
15377
15304
15335
15440
15491
15335
15412
15406
15287
15249
15432
15257
15481
15372
15355
15328
15301
15307
15402
15454
15322
15386
15463
15418
15423
15416
15398
15339
15428
15419
15409
15428
15299
15300
15343
15491
15419
15401
15450
15367
15421
15398
15393
15326
15325
15307
15199
15293
15250
15440
15433
15323
15425
15441
15332
15299
15358
15438
15309
15377
15414
15424
15388
15430
15346
15247
15354
15228
15558
15410
15266
15338
15336
15431
15368
15349
15348
15244
15289
15405
15535
15341
15442
15420
15354
15239
15279
15410
15408
15512
15332
15271
15459
15453
15344
15233
15377
15442
15346
15447
15238
15373
15333
15436
15409
15341
15336
15352
15423
15303
15437
15184
15312
15435
15327
15269
15418
15446
15443
15366
15320
15358
15344
14992
15308
15318
15331
15406
15398
15315
15381
15457
15319
15423
15377
15347
15307
14938
15377
15408
15407
15442
15321
15369
15421
15297
15439
15240
15272
15371
15330
15531
15240
15382
15359
15329
15312
15371
15348
15461
15256
15322
15402
15333
15334
15366
15371
15293
15318
15414
15268
15374
15356
15368
15364
15286
15410
15429
15436
15331
15283
15400
15466
15377
15340
15379
15231
15354
15398
15265
15410
15422
15306
15278
15370
15373
15354
15297
15414
15425
15418
15363
15425
15325
15278
15400
15294
15442
15381
15452
15311
15336
15127
15456
15297
15233
15454
15379
15403
15246
15329
15341
15344
15420
15349
15262
15510
15403
15342
15376
15410
15458
15397
15437
15419
15057
15473
15206
15322
15392
15200
15404
15191
15317
15331
15432
15323
15420
15218
15365
15361
15398
15373
15274
15481
15273
15420
15377
15323
15337
15231
15433
15387
15343
15323
15248
15438
15314
15218
15209
15321
15412
15312
15338
15454
15332
15373
15324
15373
15407
15407
15358
15355
15329
15491
15411
15236
15296
15450
15011
15455
15343
15279
15283
15306
15299
15383
15411
15337
15311
15425
15434
15248
14853
15262
15374
15423
15376
15284
15395
15481
15417
15384
15327
15234
15224
15335
15337
15307
15408
15337
15469
15291
15238
15371
15340
15348
15348
15343
15422
15316
15287
15337
15351
15192
15249
15382
15377
15417
15421
15419
15350
15343
15422
15210
15415
15299
15332
15311
15342
15290
15298
15326
15322
15405
15390
15487
15337
15328
15338
15532
15354
15360
15452
15325
15432
15350
15256
15435
15131
15346
15373
15406
15325
15428
15382
15378
15283
15265
15412
15396
15448
15345
15423
15408
15300
15372
15415
15300
15345
15337
15381
15240
15411
15267
15432
15342
15379
15395
15337
15347
15419
15465
15262
15291
15364
15312
15380
15454
15286
15286
15332
15405
15306
15317
15092
15463
15314
15499
15221
15400
15326
15370
15398
15201
15443
15342
15326
15317
15266
15468
15334
15314
15241
15398
15327
15314
15339
15397
15386
15324
15415
15372
15322
15418
15351
15357
15455
15361
15381
15208
15329
15395
15280
15300
15343
15043
15329
15314
15436
15437
15385
15290
15146
15317
15424
15409
15357
15362
15348
15310
15418
15328
15247
15377
15377
15332
15472
15365
15531
15321
15419
15397
15485
15262
15319
15438
15429
15361
15385
15351
15363
15241
15286
15424
15452
15408
15369
15265
15326
15050
15315
15324
14898
15382
15397
15247
15423
15459
15319
15450
15342
15243
15284
15296
15230
15264
15263
15346
15421
15493
15498
15298
15254
15436
15294
15242
15275
15440
15531
15445
15339
15323
15389
15446
15350
15399
15355
15376
15304
15293
15332
15346
15338
15215
15414
15239
15360
15313
15526
15392
15307
15398
15405
15319
15400
15340
15301
15484
15420
15309
15420
15434
15485
15284
15333
15324
15337
15342
15417
15364
15361
15363
15479
15492
15337
15405
15368
15259
15347
15328
15308
15314
15258
15404
15211
15347
15446
15462
15403
15235
15480
15340
15383
15164
15256
15329
15321
15339
15320
14930
15533
15347
15280
15300
15248
15470
15286
15322
15313
15332
15324
15348
15414
15432
15381
15366
15409
15324
15516
15446
15341
15414
15405
15391
15245
15455
15418
15345
15318
15372
15432
15446
15422
15522
15436
15352
15487
15338
15398
15172
15374
15419
15389
15363
15387
15476
15512
15487
14937
15304
15194
15456
15479
15428
15302
15380
15410
15380
15400
15304
15283
15402
15361
15429
15286
15527
15412
15401
15429
15332
15293
15433
15218
15423
15323
15404
15239
15258
15255
15386
15516
15392
15443
15395
15337
15346
15428
15387
15333
15458
15282
15313
15089
15326
15428
15364
15338
15435
15346
15364
15363
15472
14931
15479
15431
15377
15398
15416
15373
15271
15152
15320
15422
15225
15298
15442
15272
15401
15405
15368
15268
15248
15444
15325
15386
15464
15334
15512
15334
15343
15533
15318
15401
15381
15426
15427
15352
15420
15358
15353
15418
15403
15414
15284
15398
15338
15397
15375
15343
15319
15436
15417
15291
15363
15406
15349
15282
15481
15396
15001
15251
15389
15310
15318
15206
15393
15410
15284
15277
15328
15280
15437
15350
15221
15438
15352
15381
15382
15298
15379
15414
15420
15403
15441
15397
15461
15020
15418
15325
15488
15368
15398
15422
15370
15225
15395
15306
15291
15370
15387
15412
15389
15431
15452
15059
15371
15338
15431
15315
15402
15440
15491
15318
15346
15324
15508
15226
15471
15264
15342
15445
15506
15317
15238
15378
15315
15310
15411
15246
15324
15255
15464
15534
15334
15395
15349
15361
15230
15242
15430
15373
15410
15409
15240
15362
15576
15231
15372
15314
15122
15321
15432
15207
15282
15477
15350
15287
15388
15380
15418
15263
15510
15402
15391
15345
15482
15347
15226
15265
15216
15332
15221
15331
15389
15271
15413
15364
15227
15286
15427
15346
15321
15469
15211
15429
15405
15430
15391
15407
15317
15386
15253
15297
15400
15234
15375
15254
15390
15325
15378
15140
15280
15248
15343
15302
15381
15353
15334
15252
15425
15249
15351
15434
15241
15404
15360
15291
15424
15195
15439
15351
15417
15330
15432
15375
15326
15293
15236
15352
15327
15429
15441
15382
15439
15434
15297
15272
15387
15475
15318
15426
15311
15316
15440
15354
15433
15435
15192
15541
15332
15333
15239
15253
15424
15308
15321
15356
15503
15341
15512
15285
15432
15453
15422
15345
15497
15306
15333
15336
15398
15355
15333
15274
15438
15331
15338
15339
15243
15343
15304
15322
15248
15314
15427
15299
15290
15369
15325
15413
15424
15354
15540
15159
15291
15296
15417
15351
15396
15452
15412
15353
15362
15393
15348
15095
15330
15096
15343
15412
15378
15411
15446
15357
15352
15404
15306
15207
15348
15396
15424
15411
15422
15343
15346
15401
15413
15350
15402
15326
15326
15362
15223
15435
15008
15370
15395
15332
15259
15396
15372
15436
15339
15317
15344
15390
15030
15388
15264
15414
15495
15286
15487
15414
15353
15322
15409
15373
15377
15304
15419
15270
15431
15309
15402
15301
15220
15407
15338
15229
15320
15347
15401
15405
15410
15319
15141
15321
15412
15150
15330
15360
15280
15348
15255
15401
15324
15369
15413
15421
15145
15378
15374
15387
15324
15377
15266
15316
15224
15390
15372
15430
15397
15254
15360
15471
15366
15374
15281
15380
15216
15424
15283
15348
15309
15405
15392
15339
15420
15313
15392
15470
15432
15400
15416
14962
15319
15449
15449
15222
15331
15224
15219
15448
15339
15391
15292
15409
15425
15426
15510
15492
15479
15334
15421
15415
15349
15319
15401
15333
15329
15224
15486
15429
15300
15430
15428
15522
15357
15431
15359
15297
15411
15437
15211
15338
15337
15313
15428
15299
15387
15473
15412
15288
15388
15317
15422
15301
15358
15108
15277
15391
15432
15378
15240
15361
15392
15163
15398
15324
15413
14883
15198
15312
15408
15435
15350
15435
15424
15401
15375
15412
15289
15399
15421
15260
15514
15419
15402
15311
15251
15394
15346
15307
15345
15395
15397
15364
15339
15323
14922
15367
15321
15229
15442
15299
15413
15333
15354
15373
15405
15352
15293
15448
15417
15410
15343
15393
15403
15320
15313
15406
15410
15380
15365
15283
15243
15407
15285
15461
15415
15438
15303
15223
15424
15444
15433
15370
15405
15400
15416
15234
15513
15429
15365
15298
15328
15396
15382
15381
15353
15299
15322
15327
15444
15431
15436
15341
15430
15324
15421
15420
15283
15520
15402
15339
15329
15242
15210
15344
15410
15316
15353
15431
15265
15361
15336
15501
15373
15415
15127
15338
15442
15289
15418
15440
15319
14778
15538
15281
15262
15275
15298
15385
15411
15322
15302
15428
15324
15432
15333
14938
15271
15372
15348
15401
15314
15410
15392
15291
15432
15477
15333
15574
14947
15320
15451
15330
15304
15456
15322
15325
15383
15349
15299
15338
15213
15408
15343
15335
15296
15508
15447
15320
15322
15484
15292
15291
15314
15335
15369
15302
15502
15326
15355
15354
15321
15337
15420
15468
15373
15472
15376
15188
15355
15230
15479
15431
15325
15327
15383
15329
15320
15350
15330
15483
15398
15392
14971
15399
15288
15392
15390
15402
15346
15087
15358
15247
15351
15359
15251
15401
15318
15315
15400
15464
15157
15356
15405
15316
15407
15424
15322
15411
15359
15265
15388
15202
15330
15428
15301
15438
15300
15338
15387
15443
15410
15352
15337
15285
15410
15339
15325
15396
15397
15392
15301
15359
15322
15295
15349
15313
15405
15318
15332
15289
15359
15307
15247
15325
15353
15421
15329
15225
15421
15278
15199
15333
15343
15316
15327
15249
15323
15296
15344
15308
15310
15369
15422
15309
15300
15375
15330
15373
15377
15302
15523
15340
15407
14997
15366
15427
15365
15288
15391
15427
15340
15330
15331
15424
15409
15452
15244
15263
15425
15416
15334
15210
15178
15371
15316
15440
15281
15425
15279
15483
15428
14879
15538
15333
15400
15187
15398
15308
15370
15396
15350
15319
15276
15294
15232
15334
15417
15372
15320
15244
15499
15319
15385
15455
15262
15453
15336
15286
15436
15309
15341
15303
15406
15516
15383
15293
15357
15421
15352
15398
15381
15410
15404
15324
15453
15324
15307
15201
15307
15323
15348
15271
15389
15216
15424
15401
15340
15238
15255
15342
15296
15234
15236
15213
15383
15378
15336
15304
15399
14973
15317
15296
15338
15466
15318
15315
14993
15241
15378
15323
15418
15360
15381
15424
15443
15310
15426
15345
15327
15418
15495
15315
15376
15317
15367
15428
15317
15393
15414
15423
15448
15461
15366
15481
15281
15004
15227
15236
15038
15277
15297
15317
15194
15284
15416
15389
15383
15423
15311
15284
15232
15332
15412
15352
15412
15357
15357
15415
15297
15300
15434
15412
15242
15353
15383
15493
15426
15247
15320
15399
15279
15387
15219
15328
15326
15431
15281
15168
15236
15421
15285
15391
15358
15325
15324
15340
15310
15379
15386
15411
15371
15240
15307
15393
15254
15480
15391
15255
15371
15343
15283
15336
15307
15416
15325
15448
15316
15318
15328
15342
15298
15281
15294
15412
15315
15432
15410
15295
15389
15118
15294
15322
15326
15374
15393
15322
15454
15347
15404
15452
15259
15309
15281
15226
15366
15412
15412
15305
15382
15389
15403
15352
15306
15265
15351
15266
15396
15329
15273
15280
15257
15082
15309
15365
15317
15260
15319
15247
15518
15364
15278
15176
15220
15286
15393
15277
15280
15277
15421
15270
15380
15414
15303
15333
15364
15318
15297
15418
15402
15245
15449
15312
15190
15297
15398
15273
15356
15298
15433
15389
15351
15374
15379
15321
15383
15360
15326
15294
15337
15340
15300
15345
15328
15458
15223
15414
15389
15432
15390
15301
15326
15358
15298
15318
15422
15423
15353
15316
15407
15409
15380
15294
15455
15229
15303
15408
15313
15366
15393
15372
15473
15406
15354
15317
15406
15263
15421
15479
15325
15395
15347
15319
15246
15408
15376
15429
15444
15398
15363
15197
15388
15454
15388
15411
15324
15272
15320
15397
15396
15284
15418
15398
15305
15349
15295
15460
15443
15358
15397
15308
15346
15374
15377
15265
15229
15249
15458
15310
15426
15331
15324
15392
15322
14987
15241
15012
15379
15303
15227
15299
15192
15301
15413
15372
15372
15337
15308
15313
15410
15419
15269
15425
15297
15269
15427
15257
15402
15219
15210
15421
15268
15297
15330
15381
15216
15367
15346
15365
15367
15397
15327
15329
15302
15350
15386
15404
15467
15406
15499
15327
15422
15325
15323
15395
15375
15304
15297
15217
15396
15434
15437
15322
15427
15408
15403
15379
15374
15281
15426
15296
15370
15338
15334
15462
15310
15235
15354
15353
15384
15364
15520
15458
15377
15284
15285
15322
15303
15338
15294
15326
15382
15392
15372
15320
15366
15428
15290
15399
15367
15245
15438
15352
15325
15315
15331
15352
14985
15327
15428
15312
15210
15316
15475
15287
15330
15449
15313
15386
15285
15281
15373
15313
15399
15219
15418
15424
15323
15401
15376
15150
15483
15367
15497
15224
15227
15309
15381
15378
15217
15250
15363
15370
15423
15388
15321
15319
15375
15402
15231
15321
15414
15145
15320
15195
15430
15313
15190
15314
15380
15300
15489
15230
15372
15444
15424
15327
15317
15119
15451
15297
15472
15393
15191
15229
15429
15318
15395
15393
15214
15415
15415
15331
15332
15288
15207
15315
15358
15406
15325
15389
15211
15355
15329
15269
15397
15369
15422
15508
15348
15233
15316
15331
15450
15480
15433
15303
15213
15484
15352
15224
15330
15216
15350
15255
15059
15476
15311
15202
15256
15350
15420
15408
15299
15190
15303
15434
15315
15471
15260
15482
15341
15338
15320
15327
15407
15416
15291
15450
15378
15419
15387
15329
15230
15345
15314
15418
15227
15387
15442
15259
15405
15297
15383
15379
15322
15327
15420
15400
15559
15490
15312
15407
15365
15353
15434
15426
15322
15404
15284
15442
15301
15281
15313
15170
15116
15420
15299
15407
15369
15299
15398
15428
15356
15346
15297
15206
15411
15524
15349
15380
15409
15350
15284
15339
15324
15370
15348
15433
15324
15252
15411
15281
15365
15331
15322
15338
15121
15360
15333
15403
15407
15341
15317
15418
15276
15478
15370
15384
15441
15306
15270
15330
15332
15381
15382
15333
15226
15313
15406
15510
15341
15390
15409
15382
15329
15415
15446
15400
15290
15316
15315
15421
15416
15366
15282
15300
15394
15318
15283
15417
15267
15386
15244
15299
15297
15401
15244
15425
15208
15406
15377
15339
15336
15253
15298
15345
15268
15303
15324
15416
15377
15408
15302
15215
15343
15240
15340
15409
15323
15329
15280
15304
15300
15365
14949
15395
15310
15408
15400
15289
15398
15508
15378
15401
15375
15428
15324
15291
15378
15375
15338
15301
15264
15483
15503
15277
15329
15349
15449
15428
15304
15305
15386
15341
15197
15241
15303
15366
15235
15482
15251
15376
15372
15385
15405
15422
15388
15314
15412
15202
15147
15317
15372
15314
14947
15223
15347
15380
15358
15228
15222
15417
15411
15208
15284
15234
15450
15331
15247
15369
15270
15394
15376
15364
15429
15250
15346
15289
15346
15324
15418
15290
15387
15247
15350
15357
15359
15376
15410
15163
15338
15269
15227
15442
15329
15223
15388
15331
15196
15242
15329
15351
15483
15335
15353
15403
15241
15327
15363
15424
15312
15324
15304
15394
15303
15319
15217
15402
15370
15323
15293
15214
15486
15403
15300
15323
15316
15209
15347
15382
15309
15402
15330
15287
15389
15394
15345
15335
15188
15368
15184
15403
15282
15377
15301
15422
15407
15404
15348
15381
15270
15492
15260
15296
15318
15337
15250
15435
15393
15254
15407
15249
15362
15357
15117
15333
15278
15436
15327
15216
15419
15409
15226
15233
15303
15423
15317
15395
15187
15341
15374
15207
15346
15015
15257
15414
15288
15354
15300
15396
15352
15519
15421
15360
15449
15293
15412
15356
15339
15248
15410
15227
15316
15415
15336
15395
15199
15334
15371
15385
15152
15363
15350
15297
15409
15187
15411
15422
15363
15483
15387
15374
15448
15364
15333
15226
15328
15410
15302
15255
15295
15251
15422
15313
15368
15421
15403
15312
15351
15214
15433
15217
15306
15285
15284
15335
15350
15405
15329
15236
15422
15367
15386
15262
15303
15289
15549
15392
15308
15366
15438
15412
15437
15412
15311
15306
15332
15412
15369
15121
15317
15447
15243
15523
15342
15430
15294
15297
15311
15388
15298
15361
15261
15437
15404
15418
15338
15355
15317
15472
15394
15325
15321
15316
15235
15344
15365
15333
15223
15303
15305
15396
15226
15313
15401
15358
15413
15297
15402
15371
15423
15347
15416
15459
15200
15420
15279
15372
15100
15432
15285
15419
15476
15328
15306
15418
15225
15423
15313
15324
15273
15326
15402
15317
15315
15246
15405
15382
15455
15311
15244
15280
15277
15447
15286
15200
15399
15361
15266
15236
15311
15403
15083
15289
15411
15271
15258
15232
15394
15333
15399
15288
15366
15323
15293
15378
15305
15338
15304
15428
15403
15338
15332
15440
15472
15408
15328
15198
15309
15273
15241
15378
15406
15242
15312
15422
15469
15343
15363
15409
15254
15302
15323
15233
15405
15385
15336
15414
15324
15361
15359
15340
15400
15282
15423
15378
15468
15257
15424
15210
15253
15257
15353
15325
15361
15343
15394
15291
15411
15405
15324
15248
15350
15369
15395
15342
15401
15367
15411
15405
15404
15413
15241
15287
15363
15322
15407
15300
15390
15394
15404
15245
15358
15293
15299
15316
15314
15428
15455
15353
15325
15373
15399
15345
15212
15251
15297
15362
15333
15383
15355
15355
15260
15386
15402
15287
15427
15313
15219
15091
15403
15207
15339
15368
15327
15228
15333
15396
15312
15333
15161
15326
15418
15318
15404
15342
15264
15357
15290
15329
15229
15390
15438
15469
15235
15289
15282
15404
15330
15402
15257
15413
15369
15233
15346
15505
15226
15356
15426
15293
15262
15215
15391
15160
15274
15253
15258
15307
15304
15298
15331
15454
15362
15501
15383
15414
15507
15127
15400
15315
15361
15419
15406
15330
15312
15213
15282
15156
15413
15306
15245
15385
15220
15280
15417
15299
15212
15385
15292
15349
15255
15394
15274
15228
15382
15338
15311
15403
15394
15309
15209
15212
15487
15327
15409
15415
15334
15396
15304
15396
15277
15208
15329
15420
15267
15369
15315
15383
15187
15376
15247
15357
15204
15320
15056
15265
15354
15299
15418
15393
15120
15308
15225
15332
15477
15528
15374
15298
15355
15388
15339
15360
15304
15404
15203
15349
15287
15478
15382
15383
15495
15310
15398
15350
15440
15300
15380
15327
15396
15115
15328
15323
15395
15202
15430
15194
15302
15410
15403
15314
15332
15213
15399
15329
15375
15326
15066
15286
15402
15356
15315
15365
15473
15276
15323
15351
15494
15411
15399
15222
15281
15409
15297
15259
15426
15307
15202
15311
15426
15550
15318
15280
15376
15483
15407
15022
15435
15349
15245
15300
15245
15392
15520
15309
15166
15207
15339
15180
15365
15257
15011
15385
15188
15016
15222
15474
15330
15303
15420
15307
15151
15468
15177
15308
15313
15213
15422
15344
15236
15152
15223
15382
15236
15289
15288
15259
15384
15280
15317
15314
15371
15404
15199
15391
15208
15384
15368
15384
15410
15207
15353
15430
15358
15355
15292
15291
15414
15283
15535
15408
15363
15353
15324
15495
15296
15380
15326
15192
15239
15364
15393
15383
15420
15311
15352
15495
15403
15298
15370
15414
15383
15370
15363
15412
15328
15357
15385
15341
15390
15402
15318
15226
15428
15431
15358
15314
15378
15253
15263
15377
15292
15339
15190
15316
15357
15381
15425
15305
15366
15349
15326
14945
15360
15409
15311
15271
15234
15310
15401
15235
15305
15415
15228
15387
15207
15385
15241
15414
15275
15439
15337
15322
15412
15318
15307
15296
15442
15407
15350
15423
15347
15417
15400
15268
15297
15387
15472
15224
15254
15279
15284
15375
15296
15351
15478
15313
15259
15406
15322
15477
15335
15278
15398
15414
15324
15386
15398
15400
15317
15303
15314
15416
15259
15320
15524
15279
15521
15308
15461
15403
15262
15323
15345
15331
15392
15365
15210
15334
15369
15295
15248
15361
15389
15417
15211
15217
15324
15251
15199
15421
15162
15402
15289
15274
15249
15360
15431
15292
15216
15310
15269
15284
15327
15363
15224
15196
15380
15363
15355
15450
15214
15300
15377
15254
15307
15318
15424
15353
15321
15296
15266
15408
15473
15241
15319
15293
15382
15364
15244
15300
15377
15391
15338
15396
15390
15377
15479
15275
15439
15381
15419
15285
15322
15371
15304
15315
15315
15351
15456
15345
15315
15287
15326
15406
15312
15391
15091
15399
15298
15398
15220
15369
15369
15312
15370
15370
15373
15375
15308
15267
15325
15320
15542
15361
15290
15467
15391
15368
15308
15428
15464
15431
15303
15320
15356
15441
15310
15325
15302
15299
15336
15338
15298
15398
15410
15399
15345
15310
15248
15445
15288
15365
15303
15334
15531
15404
15363
15231
15248
15316
15249
15551
15310
15279
15372
15288
15201
15445
15357
15372
15420
15267
15428
15304
15223
15329
15369
15411
15191
15479
15471
15409
15336
15050
15311
15314
15471
15365
15265
15225
15309
15492
15228
15293
15407
15325
15330
15468
15457
15378
15258
15003
15320
15286
15403
15309
15388
15362
15411
15480
15246
15442
15236
15329
15310
15373
15510
15237
15411
15473
15322
15130
15005
15257
15301
15465
15355
15526
15376
15427
15205
15449
15360
15318
15371
15295
15285
15314
15240
15256
15220
15300
15339
15405
15293
15224
15295
15387
15174
15334
15402
15079
15385
15352
15146
15385
15374
15367
15343
15326
15367
15061
15291
15286
15366
15281
15384
15215
15294
15399
15505
15372
15351
15310
15244
15391
15492
15412
15350
15308
15440
15212
15342
15156
15241
15385
15295
15289
15400
15384
15369
15349
15376
15413
15370
15321
15321
15421
15209
15263
15304
15395
15354
15391
15317
15318
15321
15363
15208
15307
15270
15357
15455
15260
15305
15409
15418
15296
15418
15384
15362
15333
15282
15346
15234
15217
15374
15310
15277
15261
15397
15398
15446
14932
15338
15380
15238
15402
15272
15261
15297
15214
15254
15238
15300
15373
15459
15176
15321
15268
15396
15324
15338
15372
15316
15467
15375
15322
15396
15304
15394
15289
15323
15358
15267
15364
15474
15372
15397
15310
15287
15338
15406
15394
15413
15362
15389
15291
15319
15256
15255
15279
15360
15215
15433
15335
15334
15120
15338
15415
15429
15385
15403
15420
15357
15310
15228
15294
15239
15363
15409
15141
15380
15300
15428
15218
15253
15238
15289
15237
15378
15430
15387
15185
15396
15442
15377
15395
15382
15225
15329
15278
15292
15355
15400
15317
15301
15310
15327
15341
15295
15354
15271
15294
15332
15282
15380
15256
15426
15352
15411
15303
15236
15379
15410
15285
15305
15471
15407
15299
15328
15424
15288
15118
15138
15221
15416
15298
15259
15026
15370
15374
15350
15248
15279
15459
15341
15111
15204
15261
15343
15323
15318
15411
15327
15412
15400
15390
15351
15302
15236
15326
15403
15334
15301
15492
15344
15420
15217
15322
15220
15397
15390
15323
15538
15418
15295
15308
15292
15411
15398
15291
15301
15299
15405
15315
15492
15386
15377
15205
15361
15392
15397
15238
15451
15438
15311
15345
15466
15308
15497
15384
15046
15002
15356
15288
15240
15414
15333
15286
15293
15445
15402
15355
15287
15318
15491
15318
15324
15401
15281
15371
15327
15252
15392
15329
15411
15313
15321
15387
15381
15325
15290
15318
15294
15405
15407
15307
15457
15286
15328
15355
15299
15360
15443
15314
15334
15289
15506
15420
15307
15374
15423
15404
15385
15348
15305
15311
15324
15322
15341
15387
15474
15420
15483
15384
15269
15310
15337
15401
15340
15337
15330
15189
15264
15332
15317
15409
15367
15279
15326
15387
15314
15292
15401
15304
15400
15253
15431
15382
15375
15367
15274
15306
15399
15295
15202
15401
15194
15461
15291
15396
15427
15317
15313
15489
15337
15346
15391
15217
15282
15324
15284
15332
15203
15351
15303
15241
15280
15389
15493
15307
15355
15252
15295
15317
15364
15209
15204
15380
15285
15296
15454
15231
15431
15367
15419
15150
15213
15376
15394
15359
15316
15299
15295
15390
15414
15390
15266
15464
15311
15177
15243
15238
15382
15409
15271
15482
15322
15145
15410
15312
15374
15414
15453
15301
15415
15357
15363
15398
15232
15364
15440
15325
15385
15416
15246
15257
15453
15336
15251
15490
15298
15368
15307
15415
15425
15331
15455
15316
15401
15295
15411
15425
15210
15332
15414
15316
15369
15426
15323
15300
15404
15419
15395
15337
15324
15390
15296
15367
15415
15293
15326
15373
15299
15361
15380
15297
15418
15326
15432
15058
15313
15338
15363
15319
14996
15281
15394
15365
15368
15271
15275
15220
15258
15333
15326
15361
15295
15302
15394
15294
15253
15312
15320
15409
15316
15410
15364
15114
15324
15364
15350
15407
15340
15426
15297
15188
15382
15401
15415
15287
15245
15187
15377
15381
15295
15349
15275
15290
15206
15403
15363
15347
15390
15383
15189
15409
15256
15380
15506
15188
15240
15344
15334
15395
15414
15296
15451
15362
15400
15381
15398
15272
15257
15575
15268
15394
15403
15304
15351
15381
15495
15412
15251
15333
15286
15320
15318
15556
15384
15312
15279
15377
15271
15281
15307
15093
15286
15314
15409
15419
15422
15361
15329
15385
15218
15313
15202
15478
15383
15293
15389
15440
15374
15327
15213
15405
15319
15400
15382
15302
15326
15400
15392
15316
15415
15341
15275
15194
15378
15465
15277
15285
15253
15297
15424
15303
15313
15220
15380
15379
15291
15332
15465
15474
15107
15352
15316
15334
15269
15426
15301
15302
15331
15356
15410
15326
15220
15366
15414
15322
15240
15326
15342
15202
15312
15306
15114
15362
15490
15410
15282
15139
15405
15496
15312
15332
15280
15326
15314
15299
15357
15300
15290
15467
15298
15226
15263
15234
15199
15256
15317
15286
15384
15329
15353
15331
15327
15344
15324
15418
15425
15257
15251
15373
15296
15414
15410
15387
15221
15442
15398
15259
15505
15348
15214
15412
15283
15412
15461
15361
15241
15221
15405
15359
15375
15362
15394
15384
15381
15332
15434
15487
15315
15253
15478
15398
15412
15203
15197
15353
15345
15392
15377
15404
15369
15317
15369
15373
15281
15405
15294
15388
15402
15280
15340
15299
15278
15386
15478
15319
15200
15394
15299
15355
15398
15314
15097
15303
15319
15234
15333
15308
15403
15197
15360
15524
15439
15401
15162
15254
15410
15385
15347
15412
15383
15417
15314
15303
15378
15271
15297
15313
15258
15436
15294
15318
15283
15375
15415
15324
15220
15355
15304
15260
15408
15387
15389
15249
15426
15233
15374
15218
15504
15414
15255
15226
15308
15377
15286
15286
15238
15333
15338
15204
15298
15501
15355
15361
15318
15395
15383
15302
15327
15407
15434
15192
15250
15334
15408
15306
15213
15310
15429
15355
15003
15441
15309
15274
15415
15271
15325
15402
15338
15173
15399
15307
15320
15309
15202
15214
15346
15507
15336
15322
15385
15317
15354
15284
15385
15344
15420
15414
15406
15366
15332
15291
15265
15242
15363
15317
15183
15397
15468
15287
15271
15267
15340
15298
15363
15385
15306
15407
15341
15328
15369
15293
15214
15226
15304
15345
15413
15391
15353
15454
15266
15283
15199
15325
15318
15419
15378
15220
15266
15070
15389
15442
15326
15201
15338
15277
15229
15395
15312
15245
15300
15191
15364
15400
15454
15376
15345
15308
15375
15227
15387
15304
15312
15398
15404
15381
15274
15285
15321
15335
15387
15334
15263
15289
15340
15508
15367
15312
15202
15351
15320
15186
15333
15404
15388
15381
15327
15294
15306
15391
15284
15312
15409
15348
15400
15432
15418
15348
15320
15211
15325
15298
15318
15366
15167
15349
15301
15274
15306
15305
15396
15427
15361
15360
15383
15279
15316
15196
15304
15238
15334
15391
15351
15343
15262
15201
15324
15396
15359
15290
15565
15284
15320
15401
15373
15281
15397
15301
15213
15149
15223
15439
15267
15219
15318
15434
15342
15354
15219
15301
15332
15301
15377
15385
15315
15402
15370
15306
15283
15389
15372
15124
15405
15372
15223
15280
15324
15414
15355
15324
15200
15191
15449
15327
15383
15357
15446
15328
15285
15494
15271
15397
15251
15314
15424
15345
15363
15191
15393
15268
15391
15465
15324
15314
15259
15311
15425
15381
15496
15375
15256
15391
15276
15409
15235
15204
15374
15371
15418
15308
15333
15291
15275
15338
15209
15269
15394
15356
15266
15343
15330
15303
15278
15358
15481
15247
15302
15369
15311
15401
15469
15314
15325
15251
15394
15282
15275
15348
15287
15381
15391
15330
15277
15239
15376
15185
15325
15397
15375
15254
15403
15387
15397
15282
15296
15412
15374
15386
15342
15369
15404
15437
15184
15396
15388
15368
15437
15229
15326
15413
15362
15308
15313
15370
15353
15367
15338
15362
15421
15424
15373
15204
15398
15387
15427
15418
15363
15372
15410
15309
15314
15332
15426
15337
15399
15208
15351
15415
15321
15294
15380
15336
15327
15384
15309
15283
15312
15461
15407
15348
15423
15413
15314
15211
15389
15344
15360
15188
15388
15396
15385
15403
15315
15283
15328
15411
15253
15337
15344
15274
15314
15384
15318
15224
15374
15450
15390
15364
15364
15284
15159
15415
15366
15536
15239
15249
15220
15293
15249
15373
15323
15319
15296
15327
15298
15422
15317
15370
15435
15227
15264
15371
15320
15332
15383
15246
15448
15421
15318
15229
15429
15224
15241
15340
15423
15223
15397
15299
15195
15306
15397
15277
15405
15314
15412
15423
15225
15290
15336
15397
15385
15354
15193
15323
15365
15258
15301
15277
15273
15265
15429
15298
15385
15265
15379
15402
15231
14939
15327
15367
15302
15360
15416
15366
15226
15391
15331
15534
15253
15430
15303
15424
15344
15404
15414
15480
15304
15342
15181
15301
15417
15499
15315
15296
15420
15221
15370
15231
15311
15200
15352
15336
15275
15377
15471
15311
15316
15338
15409
15262
15465
15231
15239
15203
15364
15331
15306
15345
15233
15310
15305
14941
15391
15363
15405
15216
15402
15357
15490
15212
15397
15381
15338
15292
15301
15324
15291
15337
15416
15430
15380
15334
15361
15529
15416
15259
15236
15333
15363
15319
15281
15335
15298
15392
15116
15381
15419
15363
15370
15268
15429
15396
15239
15373
15353
15327
15373
15301
15361
15311
15391
15386
15382
15340
15437
15485
15336
15307
15271
15399
15385
15321
15220
15360
15564
15398
15287
15358
15267
15374
15249
15343
15260
15303
15367
15278
15205
15223
15348
15211
15308
15334
15358
15293
15259
15341
15248
15318
15255
15342
15257
15330
15305
15221
15402
15266
15060
15303
15273
15325
15303
15381
15408
15437
15387
15409
15368
15311
15293
15380
15365
15414
15328
15418
15218
15385
15307
15378
15413
15315
15350
15370
15202
15321
15378
15383
15320
15244
15417
15346
15280
15226
15233
15364
15407
15430
15329
15352
15509
15485
15264
15250
15382
15508
15368
15326
15315
15304
15405
15387
15282
15375
15352
15192
15379
15462
15241
15267
15297
15403
15377
15391
15377
15306
15416
15306
15413
15382
15408
15272
15317
15035
15225
15223
15304
15211
15207
15372
15282
15450
15391
15467
15303
15307
15336
15410
15176
15339
15435
15315
15371
15413
15481
15197
15393
15307
15373
15380
15417
15287
15370
15070
15418
15313
15437
15359
15299
15421
15521
15310
15333
15318
15346
15299
15273
15396
15351
15411
15352
15284
15400
15421
15340
15333
15368
15303
15216
15492
15377
15384
15251
15151
15336
15207
15216
15437
15267
15385
14979
15357
15323
15299
15358
15318
15399
15313
15391
15390
15328
15303
15314
15207
15299
15332
15351
15266
15258
15302
15323
15438
15410
15344
15345
15218
15411
15324
15384
15364
15236
15327
15239
15313
15482
15221
15473
15388
15372
15412
15325
15323
15449
15379
15298
15383
15382
15370
15265
15239
15236
15295
15326
15259
15354
15372
15288
15365
15409
15293
15228
15349
15477
15285
15345
15438
15451
15342
15262
15236
15305
15228
15426
15350
15469
15312
15308
15423
15490
15298
15453
15321
15376
15418
15303
15218
15364
15300
15347
15267
15314
15214
15325
15471
15498
15297
15407
15174
15407
15369
15191
15400
15379
15416
15311
15353
15431
15407
15360
15256
15316
15410
15330
15238
15305
15433
15396
15297
15339
15470
15085
15213
15346
15255
15315
15314
15358
15298
15356
15406
15415
15256
15407
15255
15196
15242
15322
15058
15352
15271
15326
15229
15303
15295
15291
15398
15308
15275
15284
15412
15313
15324
15330
15400
15310
15227
15369
15436
15312
15379
15340
15358
15517
15336
15382
15266
15305
15462
15387
15196
15359
15282
15258
15114
15208
15364
15277
15394
15360
15306
15396
15403
15365
15418
15324
15388
15428
15265
15393
15236
15417
15383
15406
15412
15411
15362
15307
15398
15400
15226
15277
15201
15348
15270
15288
15361
15287
15179
15296
15312
15418
15324
15469
15176
15415
15226
15305
15205
15172
15377
15338
15295
15218
15372
15259
15465
15404
15264
15380
15305
15304
15220
15313
15314
15335
15328
15270
15394
15401
15328
15349
15293
15382
15372
15288
15382
15371
14863
15298
15181
15386
15307
15431
15285
15322
15131
15275
15397
15220
15280
15318
15394
15396
15409
15243
15218
15301
15235
15287
15228
15208
15393
15380
15334
15410
15407
15235
15353
15161
15380
14963
15295
15256
15284
15313
15360
15287
15368
15379
15379
15312
15389
15283
15285
15286
15312
15367
15358
15220
15287
15340
15233
15446
15393
15297
15466
15224
15357
15302
15433
15318
15461
15349
15373
15347
15318
15375
15404
15364
15318
15296
15303
15426
15198
15381
15309
15371
15559
15346
15395
15496
15235
15342
15530
15219
14951
15253
15360
15308
15362
15418
15331
15305
15379
15348
15375
15237
15319
15321
15378
15394
15269
15339
15388
15280
15288
15473
15383
15375
15360
15302
15386
15204
15337
15310
15357
15319
15272
15304
15388
15290
15228
15369
15263
15368
15342
15367
15099
15283
15307
15341
15292
15408
15343
15222
15326
15323
15337
15294
15367
15388
15384
15392
15366
15396
15347
15345
15365
15204
15206
15323
15302
15420
15345
15387
15260
15359
15300
15206
15347
15385
15290
15284
15365
15419
15324
15408
15283
15296
15213
15304
15331
15279
15393
15391
15280
15290
15417
15403
15296
15386
15175
15396
15469
15302
15298
15341
15407
15353
15335
15300
15330
15395
15383
15373
15391
15354
15304
15257
15340
15262
15228
15354
15125
15384
15382
15399
15239
15288
15324
15273
15265
15096
15408
15216
15426
15306
15411
15424
15335
15430
15051
15400
15201
15370
15341
15325
15413
15309
15303
15397
15223
15346
15323
15387
15212
15409
15343
15270
15329
15357
15426
15313
15357
15267
15378
15183
15382
15392
15383
15314
15276
15294
15405
15299
15396
15204
15315
15285
15423
15300
15392
15174
15374
15259
15225
15286
14948
15260
15328
15359
15018
15320
15356
15355
15384
15295
15391
15203
15414
15289
15355
15234
15307
15268
15390
15201
15368
15299
15303
15418
15437
15355
15200
15299
15324
15373
15407
15353
15462
15203
15397
15441
15283
15288
15328
15261
15322
15417
15290
15193
15346
15331
15287
15306
15377
15406
15297
15367
15247
15296
15363
15219
15304
15339
15331
15219
15382
15424
15432
15462
15392
15363
15339
15375
15417
15292
15347
15321
15417
15338
15195
15423
15312
15311
15307
15346
15452
15383
15316
15391
15351
15418
15496
15086
15188
15422
15291
15309
15184
15277
15166
15375
15236
15316
15374
15319
15272
15356
15307
15334
15286
15426
15184
15318
15346
15490
15288
15337
15348
15448
15374
15387
15286
15210
15110
15393
15366
15398
14908
15303
15284
15281
15345
15166
15426
15286
15345
15248
15363
15364
15291
15106
15289
15464
15328
15430
15236
15468
15298
15363
15240
15404
15353
15303
15206
15322
15343
15408
15360
15304
15416
15311
15341
15295
15368
15243
15352
15399
15383
15424
15303
15303
15340
15262
15319
15324
15450
15234
15212
15342
15309
15403
15429
15203
15407
15237
15468
15297
15318
15356
15214
15267
15343
15205
15290
15294
15260
15194
15488
15364
15384
15377
15482
15294
15294
15296
15381
15405
15398
15373
15139
15334
15321
15334
15383
15412
15298
15260
15186
15306
15286
15339
15218
15396
15353
15295
15416
15366
15394
15294
15253
15411
15276
15389
15207
15283
15287
15358
15315
15231
15364
15155
15179
15172
15430
15302
15369
15302
15445
15400
15393
15289
15298
15210
15392
15297
15344
15343
15272
15116
15366
15363
15386
15238
15283
15332
15257
15301
15276
15250
15388
15210
15408
15366
15221
15285
15240
15489
15329
15389
15298
15277
15252
15277
15359
15287
15405
15309
15396
15384
15354
15201
15419
15250
15311
15281
15388
15296
15424
15263
15280
15185
15123
15287
15290
15292
15277
15247
15262
15425
15302
15274
15288
15400
15298
15386
15345
15316
15315
15214
15295
15334
15205
15314
15369
15344
15425
15295
15195
15498
15269
15269
15233
15472
15274
15426
15369
15200
15226
15368
15179
15401
15190
15469
15458
15256
15354
15221
15332
15213
15249
15316
15272
15275
15222
15362
15316
15476
15313
15456
15377
15474
15309
15301
15100
15254
15304
15436
15292
15261
15360
15470
15343
15266
15338
15286
15405
15314
15397
15313
15281
15269
15327
15415
15261
15374
15366
15306
15253
15386
15378
15426
15193
15313
15336
15499
15378
15180
15360
15455
15256
15369
15156
15304
15378
15384
15366
15319
15288
15348
15198
15281
15320
15270
15295
15301
15350
15282
15283
15288
15194
15424
15322
15358
15108
15211
15392
15291
15272
15255
15307
15407
15312
15365
15207
15295
15300
15478
15239
15312
15372
15263
15335
15367
15216
15265
15284
15408
15273
15339
15369
15301
15316
15374
15323
15312
15392
15332
15340
15260
15308
15266
15276
15286
15391
15279
15197
15289
15318
15437
15277
15360
15325
15386
15266
15301
15351
15344
15422
15389
15390
15370
15304
15405
15363
15243
15405
15353
15355
15335
15300
15413
15320
15435
15299
15430
15363
15201
15304
15458
15392
15243
15416
15300
15238
15211
15266
15301
15424
15206
15258
15297
15184
15336
15434
15285
15256
15382
15420
15366
15297
15091
15407
15378
15368
15205
15281
15292
15261
15362
15275
15402
15325
15235
15493
15309
15168
15376
15272
15338
15311
15377
15234
15340
15297
15267
15392
15277
15346
15395
15198
15215
15371
15418
15262
15168
15292
15224
15389
15411
15279
15265
15188
15358
15313
15190
15385
15367
15380
15303
15185
15389
15372
15347
15036
15299
15356
15264
15411
15295
15292
15281
15395
15294
15308
15207
15296
15249
15221
15304
15403
15370
15368
15371
15385
15237
15087
15231
15351
15278
15300
15367
15362
15399
15327
15376
15284
15320
15282
15436
15310
15203
15428
15419
15322
15278
15281
15396
15284
15282
15218
15411
15401
15446
15275
15491
15215
15403
15282
15301
15218
15345
15373
15344
15295
15362
15280
15296
15283
15390
15447
15383
15277
15180
15387
15299
15324
15269
15325
15357
15317
15381
15190
15264
15416
15181
14982
15388
15287
15319
15401
15369
15216
15324
15247
15356
15411
15383
15264
15294
15374
15325
15426
15316
15319
15232
15402
15397
15330
15357
15288
15494
15304
15330
15286
15275
15331
15341
15329
15235
15258
15208
15287
15303
15417
15329
15325
15243
15353
15294
15354
15287
15278
15359
15524
15458
15295
15345
15366
15447
15350
15361
15309
15330
15289
15350
15317
15403
15418
15405
15209
15353
15213
15142
15203
15380
15145
15336
15291
15383
15361
15252
15264
15335
15295
15281
15352
15401
15411
15394
15310
15185
15370
15450
15381
15335
15178
15350
15349
15278
15286
15426
15389
15385
15374
15321
15407
15324
15515
15207
15284
15418
15273
15308
15222
15194
15269
15273
15401
15358
15298
15484
15334
15107
15412
15275
15124
15443
15304
15346
15374
15309
15365
15285
15396
15396
15320
15429
15260
15375
15297
15304
15201
15266
15160
15265
15320
15280
15356
15391
15345
15295
15407
15363
15331
15379
15308
15332
15255
15309
15277
15305
15302
15309
15324
15393
15405
15428
15262
15289
15460
15373
15018
15329
15370
15290
15362
15308
15209
15302
15307
15404
15308
15254
15175
15303
15280
15356
15300
15352
15289
15240
15227
15371
15263
15302
15320
15197
15377
15294
15190
15392
15362
15291
15383
15393
15455
15373
15278
15399
15327
15279
15278
15258
15370
15335
15353
15310
15281
15395
15426
15333
15294
15275
15416
15338
15373
15314
15382
15376
15410
15321
15291
15445
15273
15277
15226
15332
15183
15464
15127
15383
15373
15217
15318
15236
15386
15194
15375
15404
15275
15312
15290
15307
15251
15393
15226
15400
15276
15319
15322
15291
15301
15328
15337
15245
15226
15246
15290
15352
15297
15268
15434
15398
15369
15380
15297
15429
15328
15286
15372
15272
15387
15372
15337
15296
15303
15378
15333
15284
15372
15413
15262
15381
15221
15300
15382
15273
15300
15411
15201
15283
15313
15153
15149
15258
15322
15290
15348
15309
15251
15300
15350
15260
15306
15383
15255
15292
15327
15389
15331
15383
15393
15397
15193
15279
15460
15383
15249
15189
15261
15259
15250
15402
15317
15131
15426
15080
15271
15382
15337
15242
15393
15256
15327
15335
15357
15235
15241
15122
15259
15211
15365
15408
15192
15261
15283
15428
15489
15201
15379
15362
15208
15344
15397
15303
15385
15282
15389
15223
15190
15372
15202
15337
15336
15280
15087
15305
15128
15275
15346
15289
15315
15365
15438
15274
15290
15303
15259
15227
15366
15401
15222
15400
15475
15179
15394
15294
15206
15372
15144
15294
15438
15343
15297
15398
15401
15463
15278
15217
15252
15324
15448
15407
15458
15463
15236
15355
15468
15211
15324
15184
15332
15319
15273
15467
15390
15350
15289
15207
15332
15280
15465
15299
15376
15208
15291
15216
15187
15301
15449
15300
15305
15294
15387
15317
15304
15273
15453
15254
15290
15338
15377
15392
15361
15348
15282
15232
15313
15322
15269
15350
15314
15331
15289
15287
15342
15306
15297
15296
15348
15361
15306
15267
15154
15361
15300
15298
15281
15332
15361
15457
15306
15359
15391
15379
15322
15317
15298
15378
15366
15373
15279
15207
15396
15331
15298
15277
15380
15235
15410
15224
15287
15259
15314
15251
15292
15292
15352
15284
15418
15341
15218
15382
15310
15291
15383
15457
15377
15310
15216
15357
15330
15207
15211
15357
15305
15490
15199
15299
15317
15306
15352
15353
15357
15121
15235
15319
15210
15325
15321
15290
15161
15352
15304
15329
15359
15405
15197
15317
15259
15285
15333
15317
15384
15370
15375
15270
15283
15270
15293
15288
15209
15331
15302
15389
15287
15111
15399
15130
15270
15302
15472
15395
15403
15395
15238
15242
15372
15428
15366
15407
15132
15311
15309
15328
15293
15303
15218
15410
15441
15337
15304
15378
15398
15283
15450
15336
15262
15349
15214
15396
15082
15211
15208
15343
15187
15291
15346
15177
15332
15197
15092
15261
15300
15188
15344
15368
15050
15322
15282
15387
15388
15453
15399
15252
15338
15374
15305
15259
15201
15291
15324
15236
15348
15179
15306
15412
15413
15245
15310
15358
15380
15367
15465
15349
15307
15246
15056
15337
15468
15348
15373
15210
15316
15337
15384
15312
15490
15176
15360
15316
15354
