3593
3597
3589
3604
3601
3622
3636
3654
3606
3604
3627
3608
3571
3575
3609
3617
3606
3590
3587
3613
3596
3559
3581
3593
3579
3560
3578
3571
3557
3549
3601
3566
3569
3554
3496
3545
3542
3532
3490
3554
3506
3503
3495
3495
3491
3488
3494
3488
3454
3458
3455
3431
3386
3412
3462
3410
3418
3402
3435
3399
3413
3399
3348
3381
3388
3360
3365
3367
3353
3371
3355
3327
3360
3368
3351
3361
3320
3334
3293
3355
3329
3283
3282
3255
3262
3247
3241
3204
3171
3124
3115
3115
3094
3043
3009
2961
2908
2869
2846
2808
2737
2721
2610
2611
2536
2463
2395
2293
2272
2147
2063
2068
2629
2879
2573
1586
1564
2162
2473
2409
2429
2424
2424
2432
2436
2470
2475
2436
2442
2477
2470
2461
2459
2467
2514
2494
2473
2508
2460
2459
2470
2453
2466
2372
2452
2470
2480
2495
2462
2477
2480
2513
2477
2473
2467
2481
2482
2504
2506
2473
2501
2502
2493
2491
2504
2475
2467
2447
2442
2460
2490
2478
2476
2473
2488
2476
2480
2470
2465
2448
2475
2439
2468
2488
2482
2447
2460
2458
2456
2463
2428
2436
2421
2405
2411
2403
2407
2386
2402
2342
2338
2398
2394
2383
2144
2194
2203
2194
2286
2313
2318
2355
2383
2396
2455
2474
2546
2510
2433
2493
2530
2478
2491
2455
2467
2460
2419
2420
2390
2397
2364
2170
0
0
0
0
0
0
189
856
0
1073
1355
1755
1810
1864
1870
1884
1911
1957
1939
1988
1971
1974
2017
2024
2007
2069
2051
2020
2025
2007
1573
1330
1301
1239
1203
1144
1022
123
1229
1206
1204
1224
1239
1256
1371
1521
1270
1271
1273
516
1050
1227
1217
1204
1249
1261
1254
1782
1239
1250
1256
1243
1281
1260
1279
1300
1322
1980
1279
1326
1294
3085
3184
3542
2115
1950
1452
1399
1404
1420
1420
1400
1420
1455
1122
1280
1586
1575
1556
1567
1567
1532
1522
1521
1555
1528
1484
1496
1191
1349
1414
1374
1410
1396
1393
1384
1360
1406
1388
1365
1362
1361
1348
1037
823
768
788
656
819
1017
1000
957
977
1081
825
575
554
622
664
638
722
743
725
766
1016
1115
1152
1148
1135
1093
1115
1076
1078
1066
1071
931
359
169
0
0
0
0
0
0
0
0
208
271
136
645
1158
1076
237
113
484
1412
1556
1561
1576
1573
1721
1635
1665
1683
1718
1732
1724
1779
1768
1790
1805
1846
1836
1863
1874
1880
1902
1968
1928
1858
1972
1977
2003
2013
2059
2043
2063
2048
2088
2064
2091
2125
2126
2133
2160
2151
2138
2171
2154
2169
2221
2171
2191
2204
2221
2202
2204
2217
2237
2263
2240
2244
2269
2243
2258
2254
2271
2298
2295
2293
2280
2325
2286
2293
2329
2302
2323
2319
2351
2330
2361
2373
2396
2372
2394
2381
2367
2394
2400
2405
2424
2380
2373
2419
2436
2396
2433
2399
2417
2390
2402
2421
2454
2440
2354
2445
2436
2435
2421
2461
2449
2459
2457
2445
2423
2461
2354
2412
2413
2462
2442
2457
2438
2421
2400
2440
2448
2435
2469
2440
2433
2443
2430
2429
2455
2474
2464
2431
2458
2452
2424
2444
2440
2458
2412
2457
2411
2431
2430
2481
2434
2465
2448
2459
2443
2460
2447
2455
2448
2484
2451
2447
2472
2432
2457
2468
2445
2452
2439
2447
2444
2440
2407
2439
2432
2396
2436
2428
2427
2415
2443
2411
2429
2439
2415
2423
2412
2406
2391
2406
2451
2417
2447
2345
2383
2405
2399
2380
2404
2354
2391
2378
2372
2378
2359
2390
2369
2372
2344
2338
2352
2308
2324
2323
2303
2312
2302
2253
2269
2263
2243
2243
2187
2184
2208
2191
2185
2144
2167
2122
2080
1309
824
370
0
0
0
0
0
0
0
0
0
0
0
0
0
0
0
158
399
520
587
1344
1862
2080
1101
1545
1584
1600
1626
1647
1642
1657
1658
1681
1718
1711
1715
1730
1743
1757
1753
1769
1780
1808
1791
1526
1199
1126
1105
1092
1034
945
960
908
874
1228
1536
1556
1529
1545
1525
1517
1557
1571
1571
1613
1599
1594
1607
1593
1597
1636
1628
1644
1653
1546
1985
1547
1528
1541
1625
1673
1673
1690
1376
1428
2319
2189
2178
2195
2202
2160
2198
2221
2226
2254
2228
2226
2246
2238
2250
2247
2231
2269
2259
2265
2267
2242
2282
2258
2288
2249
2270
2284
2496
1018
2222
2323
2323
2307
2311
2295
2343
2301
2318
2316
2351
2317
2333
2289
2332
2322
2324
2313
2302
2330
2327
2322
2327
2334
2323
2323
2324
2239
1259
1965
2354
2214
2204
2195
2189
2237
2186
2177
2214
2142
2136
2164
2143
2156
2135
2153
2133
2144
2145
2119
2146
2140
2394
2018
1822
1855
1831
1839
1783
1784
1766
1760
1731
1722
1680
1699
1863
1798
1651
1659
1625
1606
1591
1571
1567
1579
1700
1622
1510
1520
1515
1593
1590
1597
1622
1576
1557
1546
1508
1449
1523
1449
1458
1436
1422
1504
1664
1658
1586
1580
1624
1652
1648
1696
1730
1743
1757
1763
1775
1784
1823
1827
1855
1889
1927
1914
1945
1964
1967
2008
1987
2039
2002
2018
2035
2070
2097
2110
2006
2147
2133
2137
2152
2174
2138
2194
1862
2480
2469
2447
2449
2470
2443
2494
2470
2470
2461
2495
2491
2493
2476
2494
2537
2507
2549
2557
2557
2536
2526
2541
2540
2572
2566
2547
2591
2433
707
695
606
2651
2698
2425
881
0
0
176
200
208
210
175
295
448
462
449
433
411
400
429
423
384
404
362
377
350
385
404
304
355
358
344
367
359
403
392
474
485
489
443
333
203
198
205
179
0
260
2724
2829
1008
558
2690
2729
2748
2736
2746
2726
2758
2719
2739
2733
2715
2706
2705
2690
2713
2678
2661
2699
2708
2715
2159
2455
2429
2431
2410
2411
2374
2392
2392
2395
2357
2349
2326
2358
2293
2300
2269
2261
2219
2230
2219
2196
2119
2087
2092
2073
2091
2214
2104
2138
2175
2231
2220
2347
2285
2302
2333
2308
2227
2073
2016
2012
1973
2100
2323
2286
2292
2322
2323
2332
2340
2362
2370
2407
2395
2574
2550
2449
2433
2479
2423
2462
2456
2492
2461
2455
2459
2502
2505
2499
2510
2525
2510
2559
2522
2520
2525
2534
2841
2893
2607
2488
2568
2537
2560
2598
2576
2601
2589
2594
2753
3728
4210
9563
13088
11285
5774
3060
2864
2815
2767
2758
2779
2775
2780
2779
2800
2801
2795
2787
2791
2815
2787
2817
2802
2836
2806
2816
2797
2797
2804
2813
2819
2806
2823
2809
2826
2788
2838
2816
2841
2834
2932
2642
2651
2729
2878
2858
2894
2880
2870
2863
2885
2887
2904
2901
2913
2867
2868
2850
2862
2868
2856
2853
2860
2884
2801
2849
2823
2852
2827
2837
2823
2823
2771
2775
2824
2796
2746
2786
2591
2764
2753
2755
2818
2808
2724
2737
2713
2694
2736
2696
2689
2664
2687
2702
2649
2677
2680
2664
2677
2652
2637
2615
2653
2658
2588
2603
2607
2582
2543
2555
2562
2555
2518
2469
2487
2509
2446
2058
1991
1880
1748
1165
2227
2221
2252
2275
2273
2298
2316
2352
2316
2314
2322
2327
2312
2112
1689
1639
1602
1547
1546
1479
1421
1404
967
79
0
0
0
1089
3091
2702
2362
1233
1187
1199
1201
1215
1174
1235
1225
1020
220
247
335
315
471
582
921
866
1098
155
189
0
231
1104
1017
1224
376
535
1090
879
944
965
942
905
934
941
936
880
944
922
921
878
116
640
1285
1322
1309
1334
1343
136
3398
4512
4581
1330
1318
0
0
251
2564
2832
1468
1728
1828
1908
1999
2044
2084
2378
2566
2552
2594
2565
2567
2587
2573
2530
2562
2673
2773
2544
2536
2550
2523
2550
2538
2510
2528
2517
2505
2497
2473
2478
2489
2443
2480
2463
2437
2456
2451
2388
2391
2381
2362
2349
2342
2356
2339
2337
2300
2290
2300
2256
2230
2222
2217
2217
2197
2203
2158
2143
2108
2118
2190
2208
2131
2054
2037
2053
2104
2041
2046
2034
2052
1992
2033
2040
2037
2085
2092
2050
2082
2105
2062
2093
2089
2156
2114
2130
2162
2160
2166
2208
2318
2329
2261
2266
2268
2306
2329
2373
2382
2374
2372
2418
2423
2429
2469
2471
2495
2522
2495
2535
2549
2554
2580
2576
2582
2580
2597
2625
2611
2617
2657
2687
2696
2683
2706
2689
2745
2739
2724
2792
2767
2801
2786
2779
2817
2828
2814
2838
2849
2834
2891
2902
2884
2898
2918
2899
2934
2915
2937
2993
2959
2962
2981
2990
3030
3026
3044
3039
3065
3089
3114
3102
3109
3108
3129
3132
3770
3452
3047
3167
3176
3237
3225
3249
3207
3282
3269
3304
3317
3325
3304
3340
3314
3319
3350
3356
2649
1219
1233
860
421
258
1155
1173
222
295
0
1110
1175
474
647
657
477
678
737
988
1000
1601
1603
1585
1546
1550
1513
1556
2405
2421
2077
1526
976
0
0
0
0
0
356
1516
1580
2420
1825
712
2369
0
0
0
85
177
0
0
0
0
2086
2449
2521
2621
2686
2651
2693
2680
2738
2710
2740
2728
2702
2751
2771
2776
2757
2397
2240
2174
2011
1828
2398
2503
2496
2512
2529
2518
2571
2538
2565
2541
2514
2462
2516
2557
2527
2553
2569
2539
2559
2568
2572
2539
2547
2535
1748
2385
2020
1692
1884
2113
2546
2727
2722
2698
2667
2602
2683
2659
2677
2667
2702
2844
2909
2910
2900
2881
2893
2826
2857
2852
2835
2827
2796
2784
2780
2792
2747
2721
2736
2748
2726
2710
2678
2781
2796
2120
2478
2637
2580
2589
2562
2549
2489
2522
2466
2420
2487
2493
2182
2056
1956
1872
1710
1578
1118
1478
1827
1772
1813
1798
1866
1787
983
803
1640
1639
1654
1664
1650
1693
1705
1728
1737
1700
1725
1731
1738
1765
1785
1761
1810
1808
1751
1776
1766
1801
1805
1801
1769
1773
1790
1807
1835
1796
1856
1408
805
1434
2054
2078
2038
2050
2039
1973
2058
2074
2060
2033
2014
1943
2011
664
620
607
261
475
433
1443
2022
2048
1976
2012
1659
0
0
175
0
0
316
0
0
0
413
1096
1195
1272
1347
1304
1355
1439
1490
1517
1487
1462
1451
1420
1398
1373
1403
1980
1095
1073
1044
1042
968
928
894
840
871
863
786
1045
1112
1032
1064
1046
1077
1113
1129
1243
1238
1269
1196
1194
1216
1262
1265
1253
1258
1317
1311
1323
1330
1380
1361
1401
1407
1417
1431
1456
1470
1466
1468
1505
1507
1557
1565
1529
1557
1570
1592
1602
1628
1651
1645
1645
1689
1707
1691
1694
1592
1691
1656
1710
1710
1696
1771
1704
1738
1722
1709
1706
1713
1328
0
442
0
0
0
0
260
149
0
297
0
229
207
410
869
1227
1233
1225
1216
600
707
843
1262
1018
1085
1129
1223
1264
1335
1374
1421
1497
1589
1588
1655
1714
1785
1862
1924
1944
2031
2053
2067
2112
2142
2178
2185
2147
2257
2277
2324
2301
2348
2369
2389
2422
2387
2459
2489
2534
2522
2527
2501
2548
2574
2565
2608
2577
2592
2639
2658
2646
2673
2679
2666
2706
2768
2719
2760
2738
2714
2733
2746
2774
2761
2772
2748
2720
2751
2710
2731
2748
2758
2720
2691
2717
2709
2710
2697
2734
2685
2687
2658
2677
2653
2633
2687
2616
2630
2597
2582
2552
2508
2538
2520
2530
2473
2499
2501
2483
2462
2422
2403
2402
2372
2364
2335
2309
2307
2277
2250
2262
2224
2208
2174
2134
2109
2078
2091
2070
2039
2028
1987
1954
1916
1885
1826
1802
1696
1680
1643
1527
1504
1431
1419
1355
1417
1507
1332
1122
1042
817
1604
1624
1631
1519
517
368
306
0
653
560
144
513
0
0
0
315
192
0
102
208
0
0
109
297
213
790
314
218
0
208
395
0
0
1461
1911
1070
1443
2293
2370
2352
2369
2384
2385
2375
2367
2335
2355
2369
2328
2386
2366
2366
2358
2341
2364
2353
2337
2380
2331
2336
2355
2330
2331
2323
2326
2322
2334
2294
2328
2348
2314
2311
2329
2295
2205
2285
2282
2310
2295
2297
2263
2294
2279
2286
2292
2244
2249
2251
2248
2247
2237
2245
2246
2213
2211
2194
2201
2190
2137
2163
2169
2109
2117
2130
2103
2108
2042
2046
2010
1992
2010
1958
1937
1876
1872
1843
1826
1776
1750
1739
1682
1676
1602
1587
1573
1548
1497
1462
1444
1439
1404
1398
1361
1341
1357
1325
1307
1279
1269
1278
1288
1393
1685
1646
1613
1628
1618
1668
1692
1722
1702
1729
1704
1768
1764
1776
1826
1831
1866
1847
1887
1885
1968
1899
1959
1945
1981
1989
1958
2007
2038
2027
2014
2047
2019
2041
2087
2085
2103
2119
1063
2492
2380
2334
2344
2334
2380
2344
2358
2359
2352
2403
2389
2407
2427
2389
2394
2387
2397
2377
2425
2431
2435
2429
2413
2426
1257
2539
1966
184
181
487
1278
177
220
0
0
0
164
182
270
306
312
357
447
398
537
450
334
410
445
641
1530
2127
1872
179
1160
1373
137
99
0
0
2190
1303
0
0
0
0
0
0
2211
2378
696
1414
1638
1703
1716
1762
1790
1830
1868
1942
1964
1989
1990
2064
2082
2147
2246
2149
2190
2277
2300
2250
2253
2234
2221
2194
2154
2151
2153
2101
2106
2096
1719
1574
1609
1542
1509
1479
1394
1427
1383
1379
1295
1298
1260
1285
1366
1556
1469
1494
1495
1552
1566
1569
1574
1919
1827
1666
1635
1665
1653
1324
1187
1218
1157
1337
1642
1590
1622
1627
1600
1637
1553
1636
1676
1671
1712
1712
2084
2039
1745
1774
1783
1790
1767
1820
1824
1819
1821
1844
1862
1874
1874
1866
1902
1885
1867
1885
1884
1918
1895
1923
1880
1899
1929
1912
1926
1886
1922
1909
1872
1921
1927
1902
1946
1903
1878
1923
2093
2179
1933
1921
1865
1911
1852
1874
1838
1844
1801
1921
1719
1354
1415
1474
1948
1941
1914
2100
1895
1899
1822
1826
1851
1809
1914
1658
1587
1641
1704
1745
1782
1856
1885
1873
1951
1992
2033
2034
2094
2098
2138
2168
2191
2177
2219
2256
2716
2613
2614
2592
2525
2637
2644
2632
2650
2668
2717
2709
2707
2721
2750
2752
2755
2738
2754
2790
2787
2798
2817
2811
2824
2810
2714
2552
2803
2596
2430
2367
2338
2276
2205
2122
1985
1831
1805
0
74
2871
2107
479
640
2781
2717
2521
169
252
490
299
0
0
167
236
237
248
315
775
756
586
560
479
295
209
0
0
0
0
0
733
1287
1326
1392
1306
1931
1105
2501
2669
2691
2719
2732
2703
2700
2677
2666
2638
2640
2647
2590
2580
209
0
0
146
2211
0
0
0
0
0
2048
538
0
0
0
46
0
0
0
1232
2338
1556
2374
2513
2534
2582
2602
2601
2654
2659
2673
2694
2707
2708
2721
2746
2769
2784
2800
2819
2820
2836
2828
2858
2873
2899
2922
2930
2971
2983
3004
2934
2974
2953
2963
2906
2895
2879
2880
2794
2857
2828
2820
2813
2808
2797
2775
2766
2763
2707
2709
2689
2658
2666
2651
2605
4275
1651
1612
1562
1547
1594
2095
2243
2232
2199
2226
2218
2221
2235
2231
2218
2238
2242
2281
2289
2272
2252
2289
2277
2304
2310
2229
2386
2900
2400
2838
2694
2740
2789
2337
2374
2370
2381
2422
2424
2449
2440
2431
2460
2432
2438
2424
2452
2452
2454
2434
2476
2462
2458
2504
2446
2462
2450
2431
2434
2426
2446
2411
2417
2447
2442
2472
2458
2460
2454
2447
2455
2488
2451
2465
2457
2428
2452
2452
2454
2468
2444
2469
2454
2444
2468
2453
2429
2415
2468
2467
2456
2436
2433
2468
2444
2481
2472
2454
2469
2439
2466
2441
2454
2448
2438
2459
2457
2448
2454
2442
2429
2436
2449
2435
2438
2439
2437
2424
2432
2412
2411
2434
2407
2394
2409
2398
2359
2391
2404
2408
2375
2397
2380
2373
2383
2353
2347
2386
2354
2348
2392
2292
2368
2338
2316
2342
2348
2349
2299
2337
2287
2322
2278
2247
2254
2263
2264
2241
2223
2154
2119
2190
2222
2180
2158
2121
2103
2093
2085
2052
2040
2026
2012
1163
955
923
862
806
819
1194
1659
1674
1681
1661
1739
1727
1743
1797
1786
1822
1734
1689
1672
1537
1552
1916
1925
1950
1940
1992
1987
1977
2020
2008
2002
2050
2039
2055
2046
2092
2093
2087
2136
2130
2147
2143
2146
2150
2193
2166
2179
2263
2212
2220
2212
2212
2250
2226
2242
2253
2243
2270
2260
2294
2302
2285
2251
2271
2312
2292
2311
2296
2307
2334
2296
2341
2372
2360
2361
2340
2337
2334
2356
2371
2371
2350
2355
2338
2339
2400
2366
2368
2349
2363
2356
2394
2370
2368
2370
2383
2363
2368
2374
2354
2366
2389
2368
2408
2363
2367
2361
2401
2390
2378
2396
2407
2380
2385
2402
2372
2361
2365
2384
2367
2393
2365
2385
2339
2347
2318
2344
2325
2332
2334
2360
2323
2331
2313
2310
2312
2327
2302
2298
2315
2287
2295
2282
2290
2277
2303
2282
2263
2241
2236
2249
2279
2240
2209
2199
2196
2201
2204
2184
2167
2177
2087
2165
2111
2159
2121
2137
2047
2122
2116
2078
2079
2050
2060
2053
2062
2029
2149
1879
1989
1933
1950
1899
1873
1572
379
464
460
419
686
0
0
0
0
0
0
0
0
0
139
305
178
1318
1405
1396
1428
1454
1440
1488
1502
1515
1565
1501
1064
1035
1010
960
893
861
777
782
947
1367
1396
1371
1365
1325
1398
1363
1402
1386
1396
1390
1448
376
1308
1299
1309
1382
1368
844
1781
2009
1997
1995
2017
2023
2028
2009
2058
2039
2066
2075
2017
2077
2096
2107
2096
2124
2118
2126
2155
2123
2131
822
2499
2660
3678
3157
2450
2310
2232
2239
2203
2203
2234
2263
2233
2239
2217
2244
2207
2244
2231
2198
2202
2101
1369
2426
2098
2108
2082
2074
2088
2072
2087
2108
2035
2075
2094
2089
2081
2083
2092
2091
2072
2052
1732
133
2113
1719
1842
1830
1839
1808
1816
1803
1784
1808
1774
1794
1778
1788
1790
1796
1799
1763
1764
1654
1737
1704
1683
1662
1656
1639
1624
1702
1670
1468
1427
1424
1444
1499
1538
1639
1700
1715
1713
1692
1701
1808
1846
1676
1638
1596
1665
1647
1612
1591
1607
1606
1640
1612
1638
1637
1649
1674
1684
1735
1746
1606
1777
1731
1820
1826
1819
1808
1665
1572
1587
1565
1580
1534
1712
1912
1823
1800
1853
1876
1938
1942
1965
1998
2314
2039
2035
2046
2072
2088
2111
2112
2141
2187
2204
2193
2198
2218
2284
2449
2221
3363
2430
2410
2436
2462
2445
2479
2461
2457
2484
2485
2460
2527
2524
2503
2473
2544
2543
2517
2550
3015
2920
3939
3075
13658
5031
2745
2642
2670
2657
2656
2633
2629
2678
2633
2645
2638
2650
2648
2655
2636
2633
2667
2642
2637
2636
2651
2666
2650
2254
2459
2599
2612
2598
2603
2592
2595
2586
2614
2605
2616
2584
2567
2587
2582
2584
2547
2560
2538
2564
2521
2544
2560
2544
2501
2526
2417
2140
2157
2139
2107
2053
1905
1982
1816
1759
1824
1861
1881
1909
1986
2001
2020
2084
2100
2115
2109
2179
2180
2195
2235
2146
2079
2048
2029
2003
1937
1924
1881
1819
1725
0
0
0
1293
3409
3627
3056
1570
0
0
0
0
2366
4024
4281
4022
1308
1191
1252
1258
1249
1247
1280
978
438
413
249
437
366
451
383
818
854
296
187
161
114
972
252
1200
600
1010
1031
1009
1060
1051
1046
1047
1107
1045
971
1418
1429
1636
2684
2764
2766
2786
2789
2788
2796
2754
2798
2745
2790
2770
2796
2802
2788
2409
2708
2784
2797
2802
2719
2806
2783
2797
2779
2764
2761
2793
2813
2777
2767
2751
2739
2740
2797
2718
2747
2782
2728
2750
2765
2718
2762
2753
2713
2751
2740
2719
2681
2733
2719
2711
2680
2701
2669
2628
2701
2670
2684
2639
2649
2625
2647
2647
2631
2610
2618
2591
2615
2604
2587
2581
2622
2557
2578
2564
2547
2558
2545
2504
2523
2506
2541
2509
2447
2456
2380
2440
2382
2353
2332
2318
2312
2226
2206
2188
2149
2126
2039
1971
1946
1917
1794
1765
1728
1540
1535
1472
1440
1386
1348
1286
1239
1186
1119
1053
1159
1197
736
761
331
1318
1365
1317
868
332
0
0
454
394
282
0
0
0
366
0
0
254
0
103
0
0
194
302
1800
2020
2054
2028
1986
1984
2020
1996
2023
2001
2048
2012
2021
2014
2016
1996
1989
1987
2016
2011
1914
2022
1984
1982
1990
1969
1959
1967
1964
1947
1952
1972
1938
1924
1920
1936
1915
1884
1906
1889
1932
1934
1899
1935
1918
1906
1933
1917
1945
1910
1942
1921
1942
1964
2000
1978
1994
2047
1988
2032
2035
1989
2054
2086
2086
2062
2102
2132
2152
2157
2146
2164
2179
2187
2186
2177
2210
2233
2201
2237
2242
2258
2272
2271
2249
2275
2261
2270
2303
2290
1184
0
192
0
0
265
0
0
175
322
473
561
0
357
363
597
627
1294
1663
1620
1591
1584
1629
493
1363
1303
1396
1561
1945
1729
1678
1721
1817
1885
1947
1993
2047
2123
2166
2201
2274
2254
2316
2341
2386
2394
2426
2437
2424
2493
2503
2524
2462
2529
2578
2602
2584
2633
2622
2662
2673
2687
2742
2725
2738
2738
2756
2762
2782
2772
2819
2789
2816
2786
2809
2777
2814
2850
2811
2828
2792
2691
2818
2828
2837
2812
2820
2764
2787
2783
2761
2764
2766
2726
2742
2754
2694
2686
2676
2675
2654
2612
2594
2600
2559
2535
2513
2490
2430
2396
2332
2272
2240
2178
2076
1998
2188
1670
1447
258
1958
1988
1675
848
466
910
769
0
0
342
0
0
297
684
281
0
706
0
547
2184
1536
1508
2576
2584
2612
2576
2594
2570
2544
2554
2585
2574
2574
2567
2573
2554
2612
2537
2529
2534
2526
2538
2533
2518
2473
2528
2525
2513
2499
2485
2523
2462
2480
2486
2439
2471
2452
2462
2442
2388
2380
2381
2381
2370
2360
2318
2342
2322
2271
2262
2261
2237
2231
2217
2197
2135
2154
2078
2067
2074
2024
2027
1993
1987
1954
1899
1889
1856
1840
1805
1754
1711
1664
1640
1577
1569
1486
1453
1571
1931
1929
1691
1313
1244
1225
1177
1196
1681
1720
1700
1728
1732
1766
1795
1739
1740
1792
1802
1833
1865
1866
1862
1867
1908
1910
1945
1955
1951
1977
1957
1999
1970
1984
2011
2031
2023
1987
2051
2066
2009
2055
1994
2073
2053
2089
2095
2106
2143
2160
2136
2152
2121
2155
1767
2378
2347
2337
2354
2353
2348
2353
2385
2352
2372
2390
2345
2332
2338
2301
2338
2354
2330
2332
2340
2359
2378
2357
1401
0
0
0
0
195
233
258
248
318
364
357
428
446
464
493
455
374
425
478
523
637
1196
1869
1860
542
211
1184
0
0
0
0
1571
0
0
0
0
0
2040
166
1369
1565
1606
1648
1712
1786
1803
1849
1883
1857
1962
2127
2026
2038
2095
2039
2020
2028
2018
1967
1973
1921
1906
1867
1879
1792
628
1375
1338
1326
1298
1307
1274
1276
1226
1190
1199
1192
1097
1140
1356
1442
1351
1368
1372
1356
1395
1415
1410
1437
1498
1487
1518
1277
1003
1033
1065
1249
1507
1451
1479
1468
1495
1473
1466
1536
1532
1559
1567
1973
1878
1594
1583
1588
1587
1601
1649
1633
1680
1692
1656
1699
1708
1721
1718
1727
1748
2070
1832
1772
1764
461
2100
1968
1953
2020
1995
2004
2010
1975
2008
2030
2037
2034
2049
2049
2059
2099
2216
2358
3373
1411
2875
2588
2338
2310
2273
2238
2254
2260
2248
2238
2238
2231
2256
2219
2237
2239
2205
2257
2160
1447
2018
2195
2171
2172
2197
2150
2183
2184
2133
2162
2142
2142
2149
2181
2163
2115
2082
2101
2130
2103
2107
1738
1392
1462
1468
1426
1457
1376
487
1516
1498
1501
1482
1495
1496
1543
1370
1217
1205
1240
1234
1279
1282
1303
1312
1353
1372
1378
1419
1412
1425
1504
1484
1533
1509
1561
1681
1768
1785
1774
1754
1748
1734
1738
1741
1708
1709
1693
1610
1678
1675
1714
1664
1656
1616
1684
1672
1712
1686
1692
1734
1707
1691
1689
1749
1721
1703
1763
1754
1783
1780
1805
1804
1786
1821
1805
1815
1862
1899
1898
1921
1967
2014
1995
1910
1771
1750
1724
1695
1645
1654
1625
1566
1528
1505
1513
1470
1478
1435
1413
1695
1861
1832
1838
1834
1813
1871
1869
1909
1901
1904
1600
1982
2022
2034
2045
2091
2075
2103
2006
1496
2357
2505
2512
2504
2530
2502
2537
2529
2555
2535
2543
2558
2563
2555
2562
2581
2640
2618
2609
2595
2640
2601
2632
2646
2617
2622
2658
2670
2633
2654
2648
2630
2686
2657
4101
122
3243
2736
2735
2717
2758
2705
2704
2684
2728
2744
2749
2704
2731
2740
2722
2721
2742
2742
2746
2738
2757
2733
2745
2750
2755
2756
2752
2778
2739
2776
2730
2792
2757
2776
2762
2778
2772
2755
2756
2576
1934
2842
2807
2693
2667
2671
2689
2702
2666
2688
2648
2654
2651
2669
2652
2689
2643
2674
2633
2667
2623
2654
2601
2642
2630
2621
2610
2612
2615
2281
2364
2376
2336
2354
2357
2327
2304
2327
2264
2228
2280
2264
2249
2226
2229
2208
2187
2153
2142
2127
2116
2072
2034
2062
2254
2223
2198
2199
2222
2256
2281
2290
2329
2323
2341
2144
2025
1972
2166
1590
1843
1784
1780
1700
1824
2248
2209
2242
2208
2208
2220
2272
2242
2253
2290
2287
2309
2305
2306
2323
2340
2360
2317
2304
2368
2361
2365
2371
2358
2410
2368
2410
2423
2405
2447
2450
2451
2439
2419
2442
2445
2450
2469
2453
2472
2469
2496
2468
2474
2475
2489
2485
2503
2491
2510
2507
2500
2509
2327
1788
1907
2075
2472
2675
2691
2680
2700
2652
2706
2696
2703
2712
2690
2683
2673
2699
2647
2698
2711
2695
2683
2687
2678
2666
2671
2699
2665
2524
2373
2421
2413
2378
2369
2330
2328
2177
1593
0
0
0
0
0
707
917
0
0
0
0
0
0
0
454
932
0
0
0
0
0
0
0
0
857
39
0
1237
1947
2165
2180
2204
2242
2246
2246
2273
2296
2325
2245
2366
2353
2367
2388
2412
2407
2434
2381
2398
2204
2094
2044
2016
1956
1908
1900
1859
1793
1610
47
907
1308
1637
1571
1573
1565
1527
1584
1574
1588
1612
1579
1653
1635
1644
1672
2029
1911
2033
2384
2230
2260
2405
1736
1773
1783
1789
1793
1790
1775
1822
1867
1863
1827
1875
1859
1886
1890
1854
1907
1924
1898
1923
1981
1941
1923
1951
1946
1944
1952
1989
1964
2007
2000
1939
2020
2003
1973
1992
2036
1995
2036
2036
1982
2027
2059
2057
2030
1980
2031
2021
2035
2010
2008
2005
2000
1968
2017
2023
2006
2010
2019
1992
1973
2014
2024
1996
2019
2017
2006
1977
1957
2007
1942
2002
1941
1917
1951
1971
1958
1942
1944
1895
1946
1937
1886
1872
1873
1902
1885
1874
1919
1848
1894
1851
1860
1861
1841
1847
1837
1806
1794
1803
1806
1790
1791
1787
1710
956
770
964
1148
1167
1145
1135
1136
1125
1094
1090
1070
1083
1029
957
1026
1085
1902
1291
1238
1273
1286
1276
1344
1321
1316
1336
1370
1370
1408
1466
1537
1443
1368
1350
1450
1464
1536
1494
1518
1534
1555
1545
1589
1573
1546
1582
1603
1576
1579
1599
1580
1615
1593
1595
1592
1573
1590
1596
1561
1608
1472
1463
1352
1491
1577
1660
1594
1549
1529
1485
1530
1510
1454
1434
1442
1425
1411
1175
378
1158
1167
1158
1223
1218
1246
1285
1308
1310
1327
1327
1349
1386
1385
1235
1019
1023
956
1899
2229
2222
2262
2273
2246
2261
2280
2293
2280
2336
2329
2347
2349
2347
2377
2352
2367
2398
2398
2426
2418
2419
2402
2435
2426
2425
2451
2446
2477
2474
2505
2487
2510
2478
2470
2559
2516
2525
2530
2511
2547
2545
2555
2560
2577
2538
2590
2582
2612
2584
2589
2613
2600
2605
2616
2617
2650
2618
2633
2633
2622
2615
2647
2667
2683
2654
2629
2630
2613
2653
2662
2657
2627
2653
2654
2639
2647
2628
2635
2676
2622
2637
2636
2651
2648
2642
2602
2638
2636
2652
2641
2652
2619
2606
2652
2631
2590
2645
2627
2634
2615
2513
2589
2629
2591
2624
2581
2640
2618
2573
2599
2584
2574
2587
2577
2582
2597
2558
2543
2564
2516
2522
2548
2486
2490
2494
2493
2498
2467
2450
2481
2453
2460
2412
2346
2385
2490
2341
2244
2308
2351
2316
2283
2284
2266
2242
2218
2222
2215
2161
2154
2158
2147
2157
2250
2362
2347
2329
2322
2337
2344
2359
2374
2391
2409
2393
2388
2428
2442
2428
2434
2439
2444
2450
2444
2433
2474
2463
2455
2460
2476
2464
2487
2483
2472
2478
2497
2519
2513
2510
2528
2513
2535
2497
2501
2501
2513
2528
2522
2528
2523
2509
2514
2537
2531
2541
2529
2526
2510
2520
2520
2506
2519
2523
2527
2526
2500
2521
2499
2514
2517
2532
2539
2580
2497
2434
2459
2454
2454
2471
2493
2484
2524
2541
2578
2564
2589
2596
2574
2646
2676
2663
2686
2693
2723
2723
2517
2620
2781
2529
2429
2824
2792
2668
2955
2857
2869
2863
2903
2908
2934
2941
2929
2971
2963
2876
2982
2978
3028
3007
3010
3063
3066
3056
3085
3046
2960
3108
3105
3123
3145
3153
3145
3186
3184
3206
3215
3250
3227
3223
3250
3305
3279
3332
3319
3311
3374
3374
3409
3433
3404
3418
3535
3491
3524
3545
3528
3579
3648
3610
3605
3659
3659
3642
3663
3715
3679
3716
3729
3726
3759
3724
3707
3687
3768
3763
3765
3754
3767
3748
3747
3758
3782
3804
3752
3780
3731
3703
3710
3722
3705
3687
3721
3704
3692
3704
3645
3671
3662
3687
3612
3571
3595
3588
3562
3542
3559
3528
3512
3492
3503
3442
3493
3456
3473
3437
3422
3435
3423
3412
3420
3420
3396
3392
3368
3374
3327
3379
3341
3313
3315
3328
3287
3298
3290
3279
3271
3226
3215
3206
3193
3203
3192
3232
3179
3170
3158
3145
3086
3067
3046
3044
3012
3002
2998
2943
2958
2912
2852
2850
2772
2709
2689
2631
2580
2537
2426
2393
2282
2162
1982
1577
2198
1905
2014
1506
2253
2276
2250
2251
2270
2254
2265
2261
2243
2284
2261
2313
2259
2292
2305
2300
2246
2286
2277
2277
2279
2334
2278
2276
2266
2279
2258
2268
2269
2230
2248
2265
2251
2255
2238
2203
2224
2223
2204
2203
2211
2198
2205
2171
2175
2193
2163
2147
2139
2129
2079
2060
2101
2063
2076
2074
2042
2086
2054
2039
2021
1978
1965
1925
1940
1885
1842
1853
1821
1787
1742
1725
1717
1656
1647
1642
1651
1599
1563
1524
1478
1467
1487
1464
1406
1329
1369
1323
1308
1349
1297
1204
1104
0
0
0
0
0
354
1416
632
1037
1028
1052
1077
1086
1116
1120
1003
551
494
451
432
406
525
982
1007
967
986
1053
990
986
998
1007
945
541
726
787
824
635
919
1366
1306
1334
1362
1349
1384
1386
1333
1408
1395
1413
1457
1457
1458
1348
1117
1431
1538
1534
1443
1557
1571
1574
1595
1594
1596
1567
1599
1601
1587
1585
1594
1580
1545
1281
956
994
1351
1154
1224
1500
1544
1553
1525
1536
1531
1516
1528
1491
1521
1502
1520
1502
1500
1494
1520
1497
1476
1541
1186
664
982
1008
1001
975
915
319
1147
1173
1194
1134
1116
1151
1141
1129
1160
1150
1153
1184
1212
881
559
608
615
655
752
742
762
845
1109
1325
1315
1329
1297
1296
1312
1306
1288
1289
2035
407
196
103
0
0
0
0
0
0
0
0
845
700
1342
1799
1796
1882
1925
1695
2088
2014
2091
2100
2076
2104
2153
2133
2163
2186
2182
2242
2154
2245
2279
2278
2305
2300
2328
2324
2339
2375
2342
2389
2428
2399
2434
2429
2434
2492
2480
2467
2481
2495
2509
2502
2504
2539
2527
2518
2562
2559
2563
2576
2539
2576
2616
2491
2593
2592
2610
2634
2633
2644
2682
2669
2677
2678
2675
2684
2678
2712
2711
2720
2691
2748
2708
2760
2731
2751
2741
2784
2769
2802
2763
2832
2798
2793
2811
2819
2831
2821
2806
2819
2827
2804
2821
2841
2872
2822
2844
2861
2844
2867
2861
2841
2839
2855
2868
2876
2870
2862
2817
2834
2861
2836
2873
2877
2855
2851
2859
2824
2822
2821
2832
2794
2821
2818
2784
2814
2842
2827
2760
2785
2761
2766
2771
2761
2777
2781
2753
2711
2721
2737
2705
2719
2671
2678
2676
2570
2672
2687
2644
2651
2617
2586
2629
2623
2614
2644
2583
2587
2577
2573
2561
2546
2526
2548
2547
2501
2508
2530
2496
2500
2500
2479
2478
2460
2467
2566
2516
2396
2254
2033
2015
2208
2242
2402
2495
2486
2522
2506
2511
2565
2568
2550
2587
2612
2635
2657
2648
2694
2685
2722
2700
2726
2736
2765
2753
2785
2805
2822
2837
2872
2886
2888
2892
2921
2919
2915
2969
2979
2989
3007
2998
3034
3097
3080
3051
3119
3129
3127
3162
3153
3162
3202
3252
3202
3209
3245
3221
3275
3253
3261
3316
3311
3326
3340
3338
3343
3380
3390
3396
3351
3374
3441
3425
3459
3434
3408
3446
3488
3455
3426
3476
3484
3464
3447
3493
3474
3439
3431
3408
3451
3470
3448
3426
3428
3459
3404
3413
3444
3384
3388
3319
3343
3342
3310
3295
3294
3294
3271
3286
3240
3277
3244
3236
3212
3195
3126
3169
3182
3152
3160
3139
3099
3088
3097
3066
3063
3085
3069
3054
3041
3028
2992
3025
2989
2967
2917
2896
2933
2923
2901
2883
2834
2831
2811
2758
2750
2679
2514
2328
2306
2336
2331
2366
2369
2349
2380
2317
2282
2392
2427
2406
2320
1157
1506
2140
2105
2082
2086
2126
2114
2110
2123
2146
2109
2114
2113
2175
2151
2147
2152
2139
2162
2112
2120
2131
2128
2132
1754
1395
941
641
988
2083
2132
2133
2117
2125
2112
2104
2093
1876
2079
2459
2515
2477
2484
2483
2513
2468
2483
2458
2488
2479
2453
2453
2461
2471
2490
2451
2444
2456
2454
2449
2449
2425
2426
2444
2429
2428
2423
2406
2457
2460
2440
2445
2447
2456
2467
2482
2497
2464
2473
2448
2451
2474
2485
2505
2468
2520
2521
2518
2533
2531
2536
2561
2539
2584
2596
2587
2579
2585
2596
2596
2608
2607
2604
2624
2649
2616
2657
2656
2671
2668
2673
2673
2691
2694
2706
2696
2728
2716
2717
2718
2712
2770
2738
2738
2792
2795
2793
2681
2465
2385
2353
2372
2674
2543
2552
2596
2586
2597
2574
2596
2595
2634
2609
2642
2635
2664
2688
2712
2711
2689
2722
2696
2721
2751
2738
2754
2730
2734
2781
2756
2777
2684
2764
2786
2766
2799
2756
2763
2787
2803
2787
2797
2821
2790
2813
2828
2809
2792
2813
2799
2848
2867
2781
2769
2823
2824
2812
2850
2763
2843
2896
2660
2700
2732
2782
3116
3099
3125
3106
3103
3079
3119
3134
3117
3115
3132
3129
3119
3137
3125
3047
3188
3173
3142
3099
3176
3173
3187
3158
3179
3072
3182
3193
3179
3179
3180
3180
3171
3130
3222
3149
3183
3193
3211
3141
3188
3189
3169
3156
3173
3199
3182
3166
3160
3162
3176
3143
3177
3138
3095
3142
3141
3117
3155
3117
3118
3138
3129
3127
3101
3092
3106
3290
3319
3231
3040
2202
132
132
2641
3035
2997
2999
2987
2956
2973
2930
2955
2914
2920
2921
2891
2851
2861
2816
2765
2760
2764
2698
2689
2658
2898
2960
2647
2407
2359
2277
2221
2130
2036
1836
1708
1594
286
2155
2207
2239
2216
2240
2251
1846
1113
995
1944
2044
2037
2033
2025
2027
2012
2055
2094
2090
2099
2083
2070
2068
2072
2045
2069
2079
2098
2105
2119
2077
2100
2113
2118
2110
2154
2109
2137
2110
2129
2127
2129
2133
2134
2137
2150
2140
2126
2146
2184
2166
2158
2195
2157
2168
2190
2230
2233
2221
2195
2219
2224
2236
2231
2232
2235
2216
2188
2255
2247
2275
2258
2230
2254
2260
2262
2299
2280
2285
2289
2290
2300
2306
2232
2290
2312
2312
2314
2326
2293
2300
2317
2332
1871
1493
1580
1705
2507
2529
2521
2532
2495
2469
2505
2506
2506
2532
2494
2496
2472
2531
2513
2517
2548
2537
2522
2521
2536
2574
2579
2551
2572
2562
2563
2558
2577
2565
2567
2580
2559
2629
2600
2617
2600
2618
2629
2625
2611
2193
2360
1983
1730
1638
2257
2467
2456
2498
2468
2463
2485
2481
2498
2498
2493
2499
2505
2494
2520
2469
2461
2504
2535
2498
2521
2576
2510
2545
2518
2548
2545
2535
2559
2565
2520
2552
2548
2533
2541
2544
2552
2542
2546
2590
2564
2580
2567
2596
2569
2553
2603
2585
2581
2581
2587
2592
2597
2597
2601
2620
2628
2657
2627
2646
2645
2644
2646
2633
2665
2683
2676
2636
2679
2689
2688
2698
2689
2672
2671
2689
2697
2681
2687
2723
2694
2665
2706
2716
2681
2714
2697
2728
2753
2615
2341
2345
2358
2390
2362
2367
2348
2394
2376
2371
2358
2400
2564
2731
2781
2795
2758
2777
2789
2777
2805
2811
2812
2810
2822
2825
2799
2841
2848
2838
2843
2860
2848
2824
2842
2890
2895
2871
2899
2879
2881
2896
2896
2927
2922
2915
2905
2897
2884
2896
2952
2903
2893
2915
2903
2901
2910
2899
2936
2925
2924
2946
2931
2940
2920
2939
2926
2924
2942
2926
2920
2916
2922
2916
2921
2898
2888
2908
2895
2907
2908
2893
2887
2899
2894
2890
2910
2811
2846
2847
2831
2841
2828
2839
2838
2820
2834
2807
2831
2798
2809
2793
2742
2748
2825
2808
2751
2809
2810
2857
2866
2872
2910
2923
2947
2930
2964
2969
3008
3022
3008
3050
3072
3093
3099
3107
3141
3154
3160
3157
3176
3212
3190
3242
3252
3133
2828
2781
2779
2755
2666
2670
2611
2544
2479
192
2341
2331
2272
2334
2370
2377
2310
2076
397
1424
1431
1407
1471
1412
1457
1459
1507
1446
1441
1444
1443
1458
1431
1421
1429
1402
1424
1400
1380
1412
1427
1383
1374
1373
1389
1357
1364
1370
1349
1313
1348
1343
1333
1354
1327
1338
1321
1317
1310
1355
1269
1287
1286
1279
1275
1272
1293
1285
1288
1241
1220
1257
1270
1256
1240
1214
1224
1277
1235
1203
1176
1212
1008
342
481
716
736
676
682
652
673
603
230
699
711
734
843
924
871
863
931
958
946
1005
1038
1036
1078
1061
1085
1120
1121
1136
1183
1189
1193
1197
1233
1189
1203
1213
1213
1203
1252
1236
1294
1265
1280
1257
1260
1288
1271
1246
1294
1290
1276
1275
1279
1282
1322
1311
1279
1324
1289
1284
1271
1306
1253
1264
1277
1250
1251
1217
1217
1207
1208
1206
1177
1142
1137
1114
1081
1065
1035
1006
978
1084
981
890
884
808
619
719
810
782
867
875
866
915
826
519
482
494
1388
1403
1435
1455
1487
1463
1499
1533
1564
1537
1558
1573
1570
1594
1582
1634
1659
1643
1721
1708
1700
1706
1731
1735
1798
1815
1782
1804
1802
1838
1836
1844
1860
1909
1907
1892
1934
1914
1941
1979
1966
1972
1967
1993
1972
2029
1971
2024
1996
1987
2018
2003
2014
2007
2065
2057
2068
2019
2042
1961
2016
2011
2023
2006
2006
2002
2002
2007
1992
1984
1971
2131
2395
2280
2422
2458
2122
2238
2060
1964
1945
1964
1956
1961
1959
1914
1877
1910
1892
1922
1720
1345
1383
1431
1469
1513
2086
2434
2478
2462
2506
2540
2552
2581
2627
2631
2645
2638
2700
2694
2722
2728
2728
2779
2826
2865
2839
2863
2885
2871
2828
2864
2837
2809
2827
2745
2827
2806
2802
2831
2807
2802
2807
2811
2798
2844
2826
2839
2816
2828
2850
2865
2846
2861
2905
2892
2870
2949
2902
2956
2962
2986
2981
2986
3011
3033
3066
3017
3040
3026
3050
3038
2981
2961
2952
2961
2909
2957
2891
2903
2885
2870
2860
2788
2823
2799
2778
2783
2712
2756
2706
2685
2666
214
1597
1604
2237
2263
2242
2255
2270
2301
2267
2297
2335
2309
2315
2319
2363
2351
2343
2307
2428
2674
2500
2696
2633
2403
2501
2438
2435
2452
2392
2441
2444
2439
2470
2477
2504
2482
2478
2488
2474
2463
2493
2474
2480
2498
2521
2470
2516
2521
2492
2496
2489
2457
2512
2496
2472
2495
2483
2490
2480
2496
2511
2490
2494
2467
2510
2492
2491
2527
2508
2546
2543
2541
2532
2554
2540
2530
2535
2554
2546
2549
2542
2598
2582
2573
2571
2614
2600
2603
2606
2621
2632
2644
2623
2628
2672
2641
2606
2632
2670
2669
2679
2675
2655
2674
2668
2692
2690
2672
2693
2656
2691
2704
2696
2677
2679
2613
2675
2660
2721
2695
2688
2821
2916
2686
2978
2899
2685
2378
2630
2674
2718
2670
2660
2679
2661
2664
2658
2673
2649
2659
2666
2643
2661
2659
2650
2662
2653
2653
2679
2655
2649
2639
2678
2624
2653
2628
2626
2620
2596
2673
2655
2672
2680
2692
2665
2685
2698
2681
2682
2686
2716
2691
2711
2685
2678
2700
2714
2704
2718
2725
2754
2742
2671
2727
2767
2778
2758
2774
2770
2782
2776
2804
2826
2799
2858
2855
2861
2841
2858
2863
2871
2931
2912
2918
2954
2929
2946
2954
2913
2959
2932
2964
3007
2926
2685
3012
3041
3032
3032
2842
2932
2954
3054
3071
3084
3075
3081
3074
3095
3075
3093
3132
3101
3123
3135
3103
3096
3136
3133
3118
3138
3130
3156
3120
3124
3158
3149
3152
3145
3124
3148
3118
3123
3148
3140
3111
3134
3083
3123
3143
3141
3109
3133
3014
3087
3104
3135
3093
3092
3102
3085
3084
3037
3040
3077
3068
3077
3063
3042
3019
3036
3032
3001
3033
2981
2993
2977
2985
2958
2940
2965
2939
2911
2957
2926
2914
2911
2877
2879
2844
2873
2835
2861
2856
2853
2802
2800
2767
2767
2749
2709
2727
2723
2693
2688
2677
2655
2627
2596
2592
2570
2538
2514
2480
2477
2435
2409
2371
2325
2251
2254
2147
2083
2087
2001
1937
1823
1742
1659
1536
657
1935
1956
1996
1796
1591
1627
1349
1938
2015
2013
2030
2030
2042
2050
2036
2063
2023
2071
2053
2064
2083
2124
2103
2106
2111
2065
2117
2101
2160
2167
2114
2120
2088
2073
2101
2120
2094
2111
2125
2111
2101
2102
2133
2111
2136
2092
2092
2098
2084
2077
2087
2081
2099
2114
2136
2095
2103
2123
2122
2131
2188
2152
2169
2197
2190
2198
2191
2142
2186
2203
2218
2240
2214
2218
2215
2218
2270
2306
2256
2275
2308
2250
2261
2285
2319
2323
2323
2272
2287
2261
2303
2284
2275
2304
2288
2316
2278
2310
2324
2305
2312
2288
2310
2296
2317
2251
1815
2045
2048
2252
2301
2315
2294
2247
2297
2274
2303
2289
99
3268
2404
2425
2452
2546
2573
2629
2642
2672
2716
2714
2784
2807
2801
2853
2883
2870
2926
2976
2963
2923
3054
3049
3141
3124
3126
3177
3187
3176
3206
3253
3267
3265
3316
3285
3290
3296
3303
3333
3347
3328
3297
3362
3336
3360
3336
3339
3298
3324
3302
3326
3322
3303
3269
3279
3289
3254
3261
3273
3263
3258
3218
3235
3223
3178
3160
3156
3133
3113
3093
3101
3087
3032
3026
3057
2995
2965
2936
2891
2879
2861
2765
2753
2705
2662
2609
802
2532
2518
2555
2527
2538
2440
2376
2414
2208
2364
2571
2574
2607
2582
2598
2558
2616
2586
2606
2627
2602
2603
2597
2567
2620
2631
2637
2604
2621
2605
2628
2595
2623
2614
2617
2626
2630
2641
2633
2634
2615
2635
2617
2636
2603
2615
2621
2596
2587
2619
2620
2594
2576
2586
2569
2582
2559
2567
2581
2574
2550
2552
2528
2540
2574
2563
2570
2548
2557
2525
2527
2529
2544
2546
2559
2513
2494
2489
2489
2515
2510
2467
2455
2478
2436
2441
2441
2401
2424
2428
2430
2393
2404
2390
2406
2378
2368
2336
2368
2421
2385
2337
2336
2286
2293
2244
2272
2219
2242
2180
2122
2119
2099
2075
2002
1940
1978
1919
1854
1822
1811
1733
1706
1685
1643
1567
1537
1477
1500
1420
1397
1328
1642
1230
1209
169
1449
189
1143
1182
1240
1242
1230
1237
1260
1266
1293
947
416
318
532
1161
1073
1117
1131
1084
1125
1149
1154
1161
359
1014
1120
922
1373
1443
1417
1456
1471
1455
1434
1458
1486
1487
1448
1491
1591
1418
1441
1525
1535
1553
1566
1486
1547
1541
1541
1548
1530
1388
1331
1713
1365
1362
1371
1383
1344
1352
1361
1344
1342
1357
1332
1338
1398
119
1437
1221
1201
1198
1186
1180
1161
1154
1162
1273
1194
1132
1111
1109
1113
1147
996
713
762
1150
1125
1204
1096
1038
1074
1138
1063
905
874
938
1011
993
1048
1062
1062
1163
1076
1433
1485
1488
1550
1594
1620
1671
1650
1716
1742
1660
1751
1776
1680
1641
1606
1560
1571
1522
1469
1446
1429
1417
1245
372
1850
1309
0
0
0
0
0
0
1374
1625
0
0
0
0
0
0
87
1096
1122
108
205
1858
2262
1914
1600
1199
992
652
594
542
578
560
574
565
601
567
587
550
572
564
615
579
627
749
1068
1199
1426
1655
1924
2268
2281
1818
138
157
1233
1061
771
82
85
69
61
80
0
64
0
0
0
0
0
0
0
0
1382
1816
1775
1398
0
0
0
0
0
0
0
0
1544
1163
472
1519
1782
1867
1884
1915
1945
1970
2034
2064
2099
2006
2094
2160
2206
2230
2189
2277
2283
2217
2227
2210
2165
2165
2169
2109
2106
2089
2036
2019
1984
1995
899
1375
1392
1386
1306
1297
1298
1225
1197
1206
1194
1491
1506
1493
1506
1521
1546
1546
1486
1604
1627
1653
1276
1023
1087
1469
1596
1585
1542
1579
1601
1578
1582
1592
1574
1609
1600
1620
1628
1638
1651
1633
1593
1602
1620
1636
1670
1598
1617
1648
1647
1635
1628
1662
1727
1643
1334
1168
1140
1190
1241
1564
1784
1775
1765
1759
1716
1737
1749
1696
1724
1698
1722
1670
1701
1672
1771
1565
1387
1391
1415
1438
1478
1537
1561
1590
1603
1629
1625
1682
1715
1751
1807
1863
1895
1911
862
2318
2403
2440
2439
2455
2463
2491
2501
2499
2530
2549
2560
2564
2593
2586
2616
2589
2610
2626
2602
2612
2633
2634
2633
2641
2647
2656
2627
2654
2669
2631
2633
2661
2706
2689
2660
2681
2611
2637
2655
2692
2634
2661
2643
2645
2607
2629
2631
2627
2615
2600
2638
2628
2642
2622
2635
2636
2625
2667
2673
2614
2616
2599
2413
1399
2184
2162
2178
2155
2178
2173
2169
2176
2177
2137
2128
2119
2115
2139
2113
2094
2105
2079
2033
2038
2059
2038
2068
1982
2013
2043
2024
2036
2012
1998
1981
1938
1970
1921
1951
1911
1891
1897
1881
1881
1904
1869
1860
1848
1834
1911
2157
2256
2207
2219
2239
2233
2210
2243
2256
2263
2260
2285
2272
2270
2323
2292
2280
2322
2328
2325
2334
2282
2347
2333
2373
2374
2379
2358
2373
2384
1851
1642
1610
2213
2330
2307
2313
2342
2345
2360
2351
2356
2370
2372
2331
2407
2412
2394
2815
2773
2412
2338
2412
2371
2416
2441
2420
2415
2429
2424
2435
2360
2429
2423
2446
2467
2423
2452
2454
2440
2464
2460
2429
2180
2422
2469
2474
2448
2409
2471
2458
2467
2458
1580
1681
1681
2747
2617
2574
2619
2610
2609
2602
2515
2595
2600
2568
2556
2492
2570
2617
2600
2590
2575
2573
2570
2560
2537
2548
2564
2551
2565
2657
2510
2583
2628
2606
2614
2574
2619
2575
2609
2518
2580
2564
2593
2569
2568
2514
2548
2532
2552
2528
2513
2524
2523
2467
2320
2475
2497
2458
2378
2365
2349
2363
2331
2331
2293
2279
2271
2246
2200
2206
2204
2201
2144
2176
2125
2106
1901
1493
1393
1307
1015
1746
1833
1812
1866
1914
1862
1890
1900
1959
1946
1964
1945
1938
1939
1743
1374
1331
1332
1294
1289
1246
1176
735
1403
1632
1525
115
0
0
2937
4083
2863
1008
973
991
1019
1051
1047
617
186
231
267
271
286
725
714
76
116
91
98
415
773
264
188
0
582
900
841
964
1018
958
940
916
855
827
827
801
804
787
758
770
810
840
859
732
185
0
0
281
767
603
0
135
112
132
89
513
797
490
381
292
270
375
77
274
352
879
1203
1193
1141
1178
1167
1117
1157
1119
1134
1156
1117
1153
1161
1188
1176
1176
1191
1181
1177
1183
1179
1198
1201
1237
1023
529
289
206
248
451
251
365
503
433
879
868
287
161
148
93
986
581
123
976
898
966
950
989
981
943
946
935
1175
1345
184
10002
199
1541
1690
2484
2584
2628
2629
2647
2594
2597
2612
2626
2620
2613
2589
2588
2579
2627
2610
2595
2587
2583
2608
2568
2602
2607
2585
2600
2575
2591
2570
2565
2533
2556
2543
2539
2464
2546
2517
2528
2516
2505
2523
2496
2501
2508
2474
2468
2434
2448
2439
2403
2419
2398
2407
2351
2372
2328
2336
2317
2339
2298
2274
2258
2245
2207
2214
2184
2142
2178
2076
2056
2049
1998
1947
1906
1878
1880
1815
1784
1782
1795
1740
1715
1700
1607
1638
1630
1610
1625
1588
1604
1565
1521
1563
1503
1526
1557
1527
1516
1511
1520
1572
1503
1535
1514
1492
1516
1489
1490
1517
1518
1539
1543
1576
1571
1579
1636
1636
1596
1616
1629
1593
1642
1664
1691
1678
1688
1687
1712
1741
1704
1707
1706
1707
1656
1672
1638
1654
1657
1633
1637
1608
1593
1540
1524
1507
1501
1466
1421
1394
1370
1313
1227
1188
1148
1315
1268
913
986
111
1341
1327
1365
1275
429
379
224
227
0
345
296
189
331
0
0
0
0
147
347
0
0
0
230
0
0
97
1491
2046
2116
2116
2147
2127
2128
2140
2155
2140
2115
2140
2147
2172
2140
2146
2155
2143
2159
2146
2152
2145
2194
2200
2198
2198
2206
2190
2168
2199
2196
2168
2145
1507
0
0
0
176
161
0
0
0
208
316
0
0
0
0
172
432
253
368
606
0
253
337
298
531
573
1134
1615
1601
1557
1554
1562
241
1387
1235
1334
1417
1777
1773
1741
1663
1782
1857
1909
1940
2045
2087
2141
2194
2248
2279
2290
2344
2378
2393
2438
2465
2471
2452
2507
2517
2572
2578
2605
2645
2658
2683
2672
2675
2726
2740
2746
2753
2790
2819
2821
2819
2863
2878
2892
2894
2881
2923
2959
2962
3016
3042
3016
3028
3052
3065
3065
3129
3126
3133
3113
3119
3174
3186
3206
3218
3271
3260
3263
3290
3298
3311
3302
3337
3371
3409
3351
3474
3492
3517
3557
3546
3567
3618
3609
3681
3641
3764
3692
3734
3769
3767
3786
3750
3795
3782
3792
3789
3801
3777
3703
3818
3713
3710
3735
3713
3711
3716
3703
3674
3629
3645
3637
3629
3650
3587
3557
3577
3575
3582
3536
3553
3490
3518
3493
3526
3469
3469
3455
3439
3428
3414
3395
3390
3380
3352
3290
3378
3339
3314
3333
3298
3289
3278
3305
3282
3226
3205
3198
3234
3252
3230
3198
3191
3200
3179
3171
3165
3136
3120
3121
3099
3079
3050
3016
3004
2973
2970
2914
2836
2790
2760
2719
2676
2605
2532
2441
2372
2199
2112
2251
2167
1954
2231
2226
732
2002
386
133
581
1780
533
0
0
324
0
0
0
269
0
0
269
0
1158
1144
347
329
445
489
610
699
823
937
1068
1165
1312
2121
2129
1707
269
1621
1715
0
1979
2041
2084
2155
2214
2233
2283
2365
2521
2665
2656
2674
2653
2626
2634
2620
2655
2627
2616
2625
2653
2628
2627
2612
2590
2619
2607
2584
2576
2609
2572
2563
2554
2556
2559
2530
2554
2529
2516
2542
2527
2518
2551
2506
2528
2529
2505
2478
2477
2488
2475
2443
2441
2457
2459
2446
2396
2422
2432
2409
2394
2406
2363
2376
2387
2369
2364
2377
2377
2360
2323
2356
2337
2369
2336
2378
2375
2389
2386
2422
2392
2378
2394
2419
2446
2445
2439
2447
2489
2451
2492
2487
2498
2525
2520
2536
2534
2588
2555
2610
2596
2611
2626
2666
2686
2682
2660
2711
2732
2747
2732
2752
2779
2799
2792
2829
2844
2853
2849
2846
2868
2886
2859
2889
2920
2924
2940
2976
2957
2936
2969
2965
2995
2964
2951
2950
2994
2970
2974
2936
2991
2988
2984
2970
2989
2992
3011
2995
2960
3013
2979
2976
2932
2925
2937
2928
2891
2913
2958
2908
2877
2885
2856
2865
2865
2906
2855
2861
2865
2835
2882
2844
2800
2800
2828
2814
2825
2751
2764
2761
2761
2713
2706
2706
2729
2736
2705
2708
2719
2636
2672
2671
2650
2636
2645
2641
2613
2617
2607
2615
2575
2542
2585
2520
2545
2538
2517
2492
2472
2444
2453
2458
2428
2422
2381
2372
2358
2335
2295
2246
2265
2193
2173
2153
2163
2104
2065
2010
1986
1934
1901
1888
1868
1861
1857
1877
1856
1829
1837
1875
1876
1910
1937
1987
2017
2010
2059
2118
2132
2152
2192
2232
2283
2285
2312
2378
2345
2399
2422
2426
2446
2476
2488
2492
2501
2528
2513
2559
2558
2594
2614
2593
2609
2613
2626
2634
2647
2637
2632
2622
2626
2634
2640
2653
2612
2633
2633
2648
2570
2642
2618
2633
2624
2586
2604
2604
2609
2600
2577
2567
2564
2550
2505
2473
2521
2477
2469
2437
2429
2422
2344
2282
2227
2127
2120
2453
2205
1640
1610
2342
2516
2443
2444
2491
2485
2485
2491
2523
2541
2513
2508
2507
2463
2491
2512
2528
2505
2520
2505
2498
2514
2517
2544
2521
2509
2494
2482
2488
2506
2477
2517
2487
2505
2485
2454
2543
2493
2495
2520
2472
2488
2477
2469
2471
2470
2467
2473
2459
2476
2450
2453
2432
2412
2485
2457
2463
2478
2477
2482
2515
2468
2297
2282
2327
2343
2360
2365
2412
2443
2456
2482
2490
2480
2524
2535
2532
2568
2591
2618
2690
2634
2664
2620
2610
2611
2590
2598
2576
2569
2586
2595
2563
2560
2588
2553
2535
2541
2559
2547
2579
2529
2561
2560
2526
2514
2573
2522
2548
2447
2505
2511
2247
1150
0
0
0
0
0
0
0
0
0
0
0
0
1175
1293
1332
268
0
0
0
0
0
78
1771
2191
1834
1741
1872
2051
2140
2134
2162
2141
2152
2192
2199
2214
2221
2251
2283
2280
2297
2322
2312
2304
2324
2312
2340
2321
2321
2078
1475
1394
1335
1306
647
1368
1428
1368
1421
1833
1805
1431
1448
1483
1438
1073
742
1228
1453
1441
1398
1407
1395
1389
1395
1418
1423
1453
1445
1441
1420
1412
1436
1445
1449
1423
1476
1478
1507
1460
1498
1469
1517
2007
2155
2307
2388
2365
2145
2130
1934
1724
1534
1487
1536
1496
1521
1549
1542
1518
1490
1552
1558
1594
1600
2041
2183
2338
2326
1567
1554
1572
1559
1550
1567
1557
1585
1628
1269
1299
1717
1721
1717
1697
1681
1672
1674
1687
1286
1796
1944
2016
2115
2151
2196
2365
2564
2631
2585
2622
2650
2623
2646
2655
2669
2649
2636
2653
2600
2631
2644
2638
2618
2658
2643
2640
2650
2642
2672
2631
2637
2650
2670
2674
2625
2696
2674
2693
2668
2663
2690
2709
2679
2745
2723
2764
2700
2738
2768
2768
2767
2761
2768
2802
2770
2795
2793
2790
2838
2805
2806
2717
2500
2475
2463
2420
2377
2370
2318
2280
2248
2212
1113
2013
1954
2035
2047
2062
2041
2058
2098
2133
2092
2104
2135
2136
1831
1174
1584
1954
2040
2004
2015
2004
2021
2028
2021
2013
2054
2081
2070
2051
2092
2062
2085
2092
2070
2080
2101
2095
2175
3074
2734
2561
2122
2089
2109
2114
2122
2125
2128
2126
2155
2154
2142
2161
2146
2170
2156
2165
2146
2145
2186
2191
2197
2169
2180
2218
2199
2223
2202
2234
2209
2208
2222
2236
2221
2241
2211
2190
2255
2265
2244
2250
2238
2267
2234
2263
2264
2252
2236
2258
2274
2244
2263
2538
2328
2258
2254
2280
2250
2278
2287
2177
1300
1398
1418
2403
2432
2378
2425
2401
2386
2409
2387
2367
2404
2402
2376
2370
2395
2292
2348
2371
2351
2380
2374
2406
2377
2370
2393
2346
2370
2360
2365
2374
2392
2448
2370
2498
2448
2435
2438
2430
2416
2429
2416
2437
2412
2419
2390
2389
2400
2277
2372
2373
2352
2370
2196
1069
754
2086
2347
2303
2278
2249
2242
2237
2160
2248
2200
2243
2212
2249
2242
2259
2258
2273
2248
2240
2263
2214
2233
2223
2217
2257
2280
2235
2237
2253
2163
2242
2251
2212
2205
2229
2176
2168
2180
2167
2163
2117
2118
2126
2083
2082
1950
1464
1387
1308
1182
351
1681
1745
1727
1761
1812
1787
1828
1835
1858
1894
1856
1890
1890
1635
1371
1360
1316
1275
1257
1192
561
3994
2741
1078
0
0
472
2909
1278
950
980
961
1002
575
202
311
232
268
675
62
102
74
702
0
0
794
742
789
829
851
788
869
870
747
991
1680
2332
2355
2364
2367
2370
2360
2370
2376
2360
2384
2417
2389
2577
2795
2444
2394
2408
2408
2372
2427
2408
2383
2407
2407
2411
2416
2386
2422
2429
2409
2430
2465
2443
2594
2832
2783
2502
2410
2455
2480
2472
2474
2502
2479
2455
2522
2505
2509
2485
2469
2488
628
898
972
919
881
912
900
923
920
905
911
895
918
935
879
867
871
885
928
947
928
940
936
954
903
1021
919
937
967
934
981
971
927
981
570
1673
2607
2620
2648
2623
2619
2623
2675
2636
2687
2640
2629
2637
2641
2648
2646
2624
2648
2622
2639
2634
2602
2642
2641
2617
2603
2637
2618
2615
2602
2636
2646
2617
2636
2623
2608
2586
2562
2573
2597
2617
2577
2578
2561
2560
2550
2544
2568
2563
2535
2556
2497
2496
2518
2505
2478
2478
2449
2471
2457
2418
2440
2453
2437
2407
2394
2377
2340
2355
2325
2309
2315
2249
2208
2222
2196
2170
2156
2138
2126
2092
2072
2075
2034
2012
2004
1949
1939
1865
1861
1825
1763
1689
1593
1586
1529
1438
1396
1374
1298
1244
1214
1118
1209
1275
922
902
1250
1292
1283
1301
568
323
215
203
0
300
259
310
0
0
0
0
0
0
0
0
0
0
0
0
0
179
343
246
155
296
220
0
197
340
209
444
587
1371
1408
1402
1371
1401
2013
1001
1113
1509
1372
1280
1387
1411
1518
1581
1598
1660
1765
1847
1852
1903
1959
2022
2048
2097
2118
2179
2194
2295
2294
2322
2315
2386
2386
2422
2421
2474
2495
2482
2525
2531
2543
2586
2603
2630
2629
2648
2658
2692
2702
2701
2736
2759
2656
2769
2779
2794
2830
2862
2857
2855
2890
2862
2914
2912
2891
2937
2925
2946
2961
2975
2971
2994
2993
2999
2990
3003
3026
3002
3057
3070
3019
3033
3103
3086
3087
3095
3117
3094
3104
3098
3118
3150
3128
3159
3137
3119
3157
3130
3178
3155
3171
3160
3193
3174
3182
3208
3173
3153
3181
3220
3154
3159
3142
3086
3168
3130
3145
3169
3080
3103
3082
3057
3094
3051
3075
3088
3058
3060
3052
3028
2988
2990
3021
3020
3008
3016
3008
3001
2988
3001
2987
2970
2964
2967
2954
2973
2934
2947
2943
2906
2888
2886
2852
2864
2881
2873
2835
2833
2829
2817
2788
2793
2756
2753
2742
2708
2709
2636
2580
2563
2581
2551
2496
2481
2426
2393
2330
2309
2235
2200
2087
2008
1909
1730
1962
1839
1483
1358
1354
2029
2074
2078
1869
724
0
1011
790
378